0 755526 639065 930512 715022 475533 223915 316372 801268 303187 457406 685514 250603 983380 190506 157215 587864 922816 486938 795363 634543 431772 419922 45951 299216 427028 348393 581438 297910 157988 170224 114010 730057 853058 777672 552029 725772 523733 444314 140435 842337 424864 583651 295807 235463 487123 37148 849280 463421 912147 724055 452368 605594 518013 132694 781621 565657 368161 547165 456848 266468 309931 357737 521670 829481 824986 952038 460964 95174 858627 358890 194047 492715 382857 533392 666662 425884 968913 176473 466119 834106 928392 999751 850712 529406 448051 510121 429233 641795 90654 198184 778630 750588 462805 513122 819573 842642 727818 873949 365255 
755526 0 558009 967848 439658 621703 312562 801647 474505 795552 551436 790204 720766 769669 137117 760038 684934 64527 569342 199225 787357 527335 894060 969224 688561 657274 420868 414658 401737 991613 291861 839596 351317 452515 310186 146579 508282 523293 911116 546096 988934 236913 259069 983011 457072 509126 81434 713501 799614 597495 562787 186011 349394 481259 648893 894021 684654 660285 660276 108275 207733 558951 797371 424693 502932 486896 425396 616693 882801 709991 470979 978363 655997 361062 749891 326866 161483 405866 645002 815353 705566 410698 886799 367408 22862 860545 476814 246932 636984 487700 718924 521370 893003 390796 749606 274162 734344 114615 374700 68715 
639065 558009 0 968096 802505 165851 186029 652413 359113 369594 636083 252616 635109 41252 773978 889244 401645 391037 50606 828641 552060 420678 178481 733936 182746 429007 29887 72948 760395 489171 885438 104529 59405 299699 388631 68391 985068 833400 973639 522346 680360 720232 967499 598902 640927 472035 676166 765784 535583 677984 445651 846781 380069 571390 9041 644537 453996 216550 601665 735840 324816 341785 940145 817399 721700 913318 737850 452939 851518 755397 506575 872470 190339 529941 592075 811022 137387 820206 162538 528351 705536 557267 769805 42548 278365 293443 361980 678927 403938 860440 51189 455502 523712 429053 447457 565983 120001 683225 378884 841046 
930512 967848 968096 0 115848 832372 965594 651493 669271 230917 510691 230339 980976 733376 887658 184152 536623 516820 565497 996472 449952 593644 197159 720354 451506 72458 480892 491384 428461 458180 67273 311261 606756 517981 291326 284296 698717 569315 492165 22176 789809 199083 732643 730658 207106 401033 664277 19402 84690 508189 764889 549858 242447 759138 826544 589352 75800 560761 52417 331507 650626 904745 426367 451653 176355 584062 882399 591935 356148 775086 387877 326879 762427 75259 391452 481850 927882 316217 19550 518219 56041 784168 527153 420787 447584 406659 982594 84446 111898 577289 119309 580736 389692 875856 236572 930095 646785 607138 414540 531639 
715022 439658 802505 115848 0 547716 259064 365021 505126 504733 119529 128746 117393 291628 938843 968922 630630 345394 151153 986637 47063 244855 546983 482572 151662 567734 492193 830247 335725 510718 908006 544259 99170 737315 994581 476595 524399 443935 413262 62302 663572 504186 539387 540544 808944 842780 49875 812495 273510 221484 999938 557186 453941 399230 518013 487842 443294 767090 973478 352994 913301 709063 370104 596475 621427 649370 887419 177167 578564 200335 142483 618782 480505 818626 406629 475132 149934 544425 52813 501382 455451 138341 555197 228618 633476 697811 503895 808549 256792 502286 582079 549655 672729 453739 996051 890731 313874 592520 250125 177425 
475533 621703 165851 832372 547716 0 848585 954934 810647 836337 222283 626561 547223 546474 657064 626040 441090 853975 347594 535986 481944 702281 762698 968240 166175 766597 395754 265781 230479 448795 290468 137516 318674 620880 137015 497433 463846 937284 264980 579541 677583 86887 596569 259203 201962 530905 511628 924098 471819 261395 663698 696040 424580 411945 433096 433629 206328 18985 408536 34845 708047 414102 927362 415248 382394 664163 413009 442411 729884 599957 441624 527619 877320 554296 172400 874664 538964 76176 20996 426466 291655 71208 312411 681208 249161 781794 928932 586657 252682 403764 540809 138879 133364 918025 509303 245972 373246 722727 678804 688674 
223915 312562 186029 965594 259064 848585 0 332319 145006 183286 80219 387983 895490 395656 639590 293326 122517 732777 972278 566152 910691 716007 452578 743111 601679 905861 630263 857218 578526 594947 243978 166517 877456 493541 895337 783022 564805 859295 100015 146805 306363 590553 870746 196245 669024 519058 317634 249207 527298 514142 890510 360504 322347 23578 4073 914092 546933 740259 414004 9270 21048 594887 55559 968855 942207 700409 357323 168200 931526 644433 235486 334468 11937 401246 191100 259551 81867 79849 956047 467662 900442 358531 938166 720249 742302 768050 702506 851129 850075 18777 504272 116124 163524 685587 26171 134673 889622 107959 971386 748782 
316372 801647 652413 651493 365021 954934 332319 0 332302 111430 636624 503115 678785 936003 414015 374911 289534 176394 482147 79827 322951 504057 698500 866888 320141 414299 114780 220234 297543 704209 638819 344512 455282 31387 792673 156966 736041 112360 620606 125413 193530 456793 370067 949747 256986 267096 259998 445256 235038 26352 324378 272153 382504 233022 668323 138071 57986 721383 617856 228080 724668 947639 897797 766784 407569 944315 682872 721309 289607 940432 493318 278926 428717 24915 213328 605635 433888 861703 849979 947469 540468 886236 501278 326735 2285 607079 326849 781646 70255 931313 734332 183759 320864 482031 800663 855329 367992 922329 66762 388762 
801268 474505 359113 669271 505126 810647 145006 332302 0 73818 981972 525705 410381 464249 216926 282425 200582 33184 714992 810051 303399 819745 628732 160047 528036 505731 508065 199962 454550 109091 604547 46447 482891 846271 1599 393102 520676 758229 459060 869279 135905 427044 696939 106924 286620 651566 732914 215183 309143 556701 704615 998358 769292 605607 368889 929051 1205 611229 388652 421529 384280 474833 549794 398078 685395 101489 115483 873962 869199 350987 808735 265547 503761 937847 310513 4009 27089 943505 647988 238318 153395 889557 214988 414787 140895 375042 573686 323754 272981 518073 957301 999898 228170 804711 406408 299194 96228 209491 817677 965417 
303187 795552 369594 230917 504733 836337 183286 111430 73818 0 466016 396491 599337 477068 589268 453943 361562 512804 487866 582269 147059 564953 116794 311617 937438 642718 626318 455749 591811 109889 513991 447401 965892 537567 491226 485497 725964 672535 935120 950506 561683 434595 226041 623103 527902 777295 513869 670561 149505 493541 170303 536287 62639 408108 539016 906693 226131 799738 317260 655502 274932 367296 92291 681736 298671 798696 403743 593363 78860 459474 855524 112198 519184 292596 519388 466644 860801 159817 316315 965013 190904 349161 168094 507455 383612 546179 532865 691238 602007 39241 557719 58487 162196 462110 589518 782076 529626 646759 784500 278385 
457406 551436 636083 510691 119529 222283 80219 636624 981972 466016 0 676781 282873 812728 669932 806674 664541 663863 482488 75532 153606 476234 818546 610957 189753 342497 132446 440349 421919 753538 423817 626468 574657 15935 664354 504570 524609 280314 904860 679193 113916 419785 602220 858228 393858 513145 791510 211145 959573 857379 422765 938706 548889 386444 461607 506004 59340 400680 868068 558605 685626 391263 955760 804501 229838 436307 563882 697668 330529 663381 524857 753090 776509 429059 446040 60749 892219 522523 837728 353046 431804 780145 559687 517560 858565 503043 337934 945199 787626 365451 515588 371382 491888 419267 257834 478727 674500 598029 884225 715523 
685514 790204 252616 230339 128746 626561 387983 503115 525705 396491 676781 0 736795 580131 541190 103318 823015 200051 332714 125996 374340 95394 558286 881623 289680 86853 627531 69295 596219 369634 671376 760842 765873 873425 709312 165519 811748 897147 613453 599159 285955 94474 772463 708214 765596 819845 461007 653388 631371 221389 174223 471776 584057 163183 834610 336401 740698 113808 104108 214688 561913 157595 584609 247034 218857 74855 512025 426796 697568 948487 168998 935679 240424 316724 968488 139553 752563 230315 721079 773063 477653 580722 396986 934910 693282 652247 906929 36287 522565 426373 666010 239675 80043 423274 496505 118415 918433 585307 501044 851334 
250603 720766 635109 980976 117393 547223 895490 678785 410381 599337 282873 736795 0 692663 709751 620857 331523 534463 653211 362197 636410 938956 641169 466337 466214 331314 92929 518053 367636 454943 347979 605061 599730 623604 19814 733457 733007 290244 762870 570714 658043 523489 926756 785520 157998 107391 771152 872876 296171 191454 500794 467917 705398 375740 482352 783506 718898 424198 896604 422384 235450 632525 380907 95290 75675 723915 280188 522450 580263 309566 401143 597017 108265 969846 212008 46261 266637 675742 115422 843799 658983 928693 264539 163440 335588 378962 263267 634779 682539 430021 398954 742470 244026 306776 600300 625303 480986 314477 212437 517962 
983380 769669 41252 733376 291628 546474 395656 936003 464249 477068 812728 580131 692663 0 926200 587958 476570 501538 576741 265691 213098 271103 779285 376079 519938 570808 875078 519219 233828 893375 724747 556795 659209 949517 111374 161065 168328 621551 146154 131176 217782 750163 483681 797063 606015 489923 811065 630155 721537 320721 298991 629198 145831 539149 469851 829754 38050 317053 774732 27373 860484 678053 817541 873221 864349 368560 203997 453015 88580 259159 475888 187684 808725 714091 791463 176519 850057 853578 335152 532034 796306 617152 568806 477734 858487 20468 920346 568648 884568 529022 497171 694365 120222 543969 527882 62128 946973 245788 590083 491216 
190506 137117 773978 887658 938843 657064 639590 414015 216926 589268 669932 541190 709751 926200 0 98913 683465 779833 340136 666195 419248 194603 511934 97178 930381 745051 166450 514199 720582 444503 622562 561095 834832 109150 127631 89676 119494 672367 915392 755282 514631 374516 13245 681323 402994 638768 278317 149737 701439 828272 252038 463193 384929 693267 428655 144389 492643 597573 177668 14057 287680 356189 894725 180523 3394 653190 657105 489482 89960 287358 891988 470768 304450 630436 270138 612577 484522 870219 447997 43857 877666 910847 205720 557337 662894 610407 570465 500506 771043 584419 681732 433318 550322 83311 844764 354981 767838 6253 504932 581593 
157215 760038 889244 184152 968922 626040 293326 374911 282425 453943 806674 103318 620857 587958 98913 0 838779 363039 366239 466410 654581 42324 595037 477640 686630 805788 939433 890799 217211 470841 813618 385175 179248 124553 348210 676500 543537 889903 399566 729424 405407 217677 123085 666517 496665 478494 433018 576208 89223 424876 522216 423683 887630 441176 741267 314676 499132 508503 377008 635569 428906 815769 113103 648920 817021 380200 947382 863733 773718 884294 336104 347143 181723 199227 590908 15454 830615 613779 544324 709079 602231 851231 346531 841739 198283 251311 108178 47144 778755 607974 801406 42338 759371 337738 404694 292166 576500 675729 572490 802348 
587864 684934 401645 536623 630630 441090 122517 289534 200582 361562 664541 823015 331523 476570 683465 838779 0 504751 706481 708800 259107 818918 195070 374809 509946 410859 371608 337403 346743 481427 889040 473372 302159 350007 156378 249732 721937 323001 407114 215918 209204 535875 916817 368729 566534 514572 73953 686229 736546 665407 665450 48222 72310 624509 704787 769447 607562 203003 352428 473300 543256 895853 476588 188702 325878 424735 102877 335701 266881 447969 942749 800858 307615 296891 859281 99703 896863 518426 479273 501619 677867 532891 109368 190774 816931 357049 437795 486906 523940 457601 954674 511025 313977 269725 441731 422684 620868 580590 162787 833212 
922816 64527 391037 516820 345394 853975 732777 176394 33184 512804 663863 200051 534463 501538 779833 363039 504751 0 625809 632159 280430 466299 138598 519367 708350 941270 362729 427714 201697 47735 486960 879760 389564 126668 829111 976729 128490 606097 114358 215971 786361 442447 698955 168287 834733 942864 647162 99316 418101 591780 299131 36292 208172 550663 682864 667810 799452 966161 213417 296222 330319 664707 180198 767689 381760 856153 975519 360290 69595 474233 908667 485150 276289 771338 432547 858985 804104 811425 620235 334068 510581 569952 739 406701 417221 654976 617500 43758 772514 999120 92165 665656 563417 632330 336823 534065 211169 970669 187686 556482 
486938 569342 50606 565497 151153 347594 972278 482147 714992 487866 482488 332714 653211 576741 340136 366239 706481 625809 0 69843 948611 383882 320617 300462 199147 499127 229760 737382 490904 925443 6424 840926 730100 399651 21060 572746 512650 912557 208929 632471 500510 54666 386624 586491 892941 575723 678181 160430 898855 921024 355154 854546 690296 775551 510418 151137 228117 620706 156875 591689 254832 34390 714358 573817 883146 923090 738228 463680 190373 876102 840277 476492 376836 998465 466994 223504 875576 92592 600134 18058 564316 386103 22089 59445 8275 182454 53598 280961 518338 576387 237799 267259 869776 539767 125337 798462 555094 279711 298407 306897 
795363 199225 828641 996472 986637 535986 566152 79827 810051 582269 75532 125996 362197 265691 666195 466410 708800 632159 69843 0 343694 985757 983480 218733 470422 551561 994395 489508 346078 329962 359295 511437 766251 51335 104571 677485 65528 614474 525601 297132 320870 493279 905343 805120 704781 765300 66776 216980 113752 93602 847450 910770 415975 733467 213553 506654 204235 402046 407639 507313 567742 452359 341719 190293 268526 741869 141039 55314 966699 926657 382324 93790 361524 202877 745316 168261 474098 677575 400140 525886 73056 467362 607636 552542 782322 744282 602784 302772 887511 846680 862951 340301 799655 519603 500498 884033 360186 803100 911395 309910 
634543 787357 552060 449952 47063 481944 910691 322951 303399 147059 153606 374340 636410 213098 419248 654581 259107 280430 948611 343694 0 503188 178643 725585 308253 579531 539252 557841 495672 353613 696242 691280 125339 694073 332112 685702 236432 186381 415091 408638 507107 734685 377188 385710 565914 744784 11822 249618 197183 341085 759500 377509 797731 232723 650547 563308 294950 300853 238772 14701 456719 465442 469757 617309 975825 754557 590494 667485 848078 12539 897074 932466 332090 36902 743316 471327 504564 615075 423112 598691 402451 650304 489697 6289 305839 396340 664933 888878 689053 404020 331846 342168 649594 301796 968452 617513 572728 707791 63402 778347 
431772 527335 420678 593644 244855 702281 716007 504057 819745 564953 476234 95394 938956 271103 194603 42324 818918 466299 383882 985757 503188 0 393672 548674 628194 683757 208695 406164 260475 827502 475500 472972 282240 436432 289987 15852 189740 412705 416937 576906 251717 862052 604983 159434 606379 408279 967921 163552 434918 526163 371890 941139 327929 327245 15548 569416 832063 547781 630853 430439 831857 593626 588138 463233 653042 623284 863206 346301 584370 128961 970659 522009 720962 705415 521151 647590 131632 184566 465898 180871 198297 632007 789281 443755 197580 572683 77157 788783 419508 946402 977111 15308 195103 484119 367622 633350 499359 92122 522762 581681 
419922 894060 178481 197159 546983 762698 452578 698500 628732 116794 818546 558286 641169 779285 511934 595037 195070 138598 320617 983480 178643 393672 0 116306 758711 623627 148982 688523 950977 527986 835335 266289 299219 802753 608070 395918 109518 905933 352411 548571 961922 417286 793005 454538 3706 192720 517929 549518 706775 387800 98156 947599 886075 624194 407509 734590 698607 509860 612130 60991 136733 155141 195867 328876 360994 328591 332483 717630 288847 729828 621641 576226 343673 499870 424435 923500 607488 914701 547793 74017 4682 249154 475466 479185 609097 666648 461963 357151 403392 929104 471585 903740 584660 239491 493162 264270 254122 485734 842547 703372 
45951 969224 733936 720354 482572 968240 743111 866888 160047 311617 610957 881623 466337 376079 97178 477640 374809 519367 300462 218733 725585 548674 116306 0 574844 497779 534219 604033 718127 856197 636757 880393 512841 929037 616276 759884 199923 556267 531680 551363 50912 867851 571371 978355 640318 303087 870040 574458 548711 465366 342734 948592 437578 255141 617159 799123 646705 283858 525150 288506 110248 279492 425348 948139 662549 325187 847166 434863 279688 533216 159795 550207 449382 215490 848677 527435 494768 548130 408920 75972 718370 370788 137643 631595 332437 449406 375157 634525 565360 543328 668000 135715 875651 663409 982786 901998 918601 470608 434315 896271 
299216 688561 182746 451506 151662 166175 601679 320141 528036 937438 189753 289680 466214 519938 930381 686630 509946 708350 199147 470422 308253 628194 758711 574844 0 765879 264550 613293 855828 7066 210488 981314 431223 252574 420947 749238 662691 529165 924847 999327 821896 825019 835103 119521 254952 243996 435134 690257 753089 491947 217692 342736 773906 589706 374783 374809 247942 10338 462899 832885 599070 415318 177479 346511 642137 38196 227722 391799 481706 728371 853358 218955 354776 532998 275557 587675 678534 796063 918510 756426 638494 28796 990349 700658 166158 377013 919437 935119 606402 750993 86580 25778 151373 282186 125255 584237 366470 105940 676338 407677 
427028 657274 429007 72458 567734 766597 905861 414299 505731 642718 342497 86853 331314 570808 745051 805788 410859 941270 499127 551561 579531 683757 623627 497779 765879 0 148351 431948 257121 497172 691240 293823 596097 354493 763203 356526 567525 637529 891079 328925 390153 304196 432998 860949 122874 514409 166434 919944 66754 687989 577057 176855 723498 449135 845070 824733 611027 717742 638850 471713 455083 479834 557620 316614 42371 511717 324133 431682 966774 362008 206469 785326 548751 613020 634336 371430 430272 415554 54927 504847 951425 526386 339698 269215 835881 319117 894741 92811 208463 351865 43854 373217 174462 191814 723016 272497 140246 437503 270069 196438 
348393 420868 29887 480892 492193 395754 630263 114780 508065 626318 132446 627531 92929 875078 166450 939433 371608 362729 229760 994395 539252 208695 148982 534219 264550 148351 0 373316 14897 588688 678451 866761 485236 445020 484361 133139 551202 278100 11103 932044 911040 816600 185228 839899 314605 18921 422841 302173 468177 942914 646898 413987 739091 228681 424822 721545 637832 149741 312068 401638 761512 444572 478087 367720 231312 592098 402152 718082 177181 520828 738287 288184 5851 24168 303198 235718 807289 905724 423368 403690 707723 645566 448545 136122 159576 555638 585780 931086 872782 8244 686986 391478 531040 753414 29263 303004 529236 423170 492179 375368 
581438 414658 72948 491384 830247 265781 857218 220234 199962 455749 440349 69295 518053 519219 514199 890799 337403 427714 737382 489508 557841 406164 688523 604033 613293 431948 373316 0 102799 13746 538824 482912 739337 443791 218139 852299 469025 854338 513689 326086 546396 304779 266078 717411 493198 158725 444236 653053 872851 310478 866762 221308 597237 650374 349036 481571 105643 682180 236634 212458 470136 811925 208311 115062 283297 984108 279545 259328 166098 449872 383897 843733 839068 425573 126488 136694 255788 199422 940160 896315 916649 938690 550277 213391 227331 475582 851424 447084 766281 264114 161323 298448 632581 556623 446665 259341 563149 338846 955241 606489 
297910 401737 760395 428461 335725 230479 578526 297543 454550 591811 421919 596219 367636 233828 720582 217211 346743 201697 490904 346078 495672 260475 950977 718127 855828 257121 14897 102799 0 720430 468342 827651 788966 160839 174401 651591 696272 691166 6604 764945 176041 461668 419196 721407 811693 119731 512156 920809 608549 680478 17020 299286 460558 610872 397758 278570 189382 757582 137100 440539 410202 236589 210936 478491 910836 999031 902284 486720 542505 541815 244521 988997 983423 202399 583593 352970 750449 557967 856087 485459 424757 409144 532793 423278 980724 583975 773356 253838 543060 992928 879438 610445 362152 952650 764097 973442 958889 532060 609110 608061 
157988 991613 489171 458180 510718 448795 594947 704209 109091 109889 753538 369634 454943 893375 444503 470841 481427 47735 925443 329962 353613 827502 527986 856197 7066 497172 588688 13746 720430 0 726582 587493 463377 945900 138821 4658 556358 662757 893447 369360 605965 358184 267475 826714 311164 638033 384294 792964 761485 573061 723899 808380 100427 508763 569890 623061 410266 593929 594666 674716 736617 747367 432782 436191 382023 532135 912085 123773 593652 767831 475494 210172 190779 747253 181619 381435 865095 4734 841728 787403 282579 376244 228396 112101 539246 144138 849396 844078 832307 637914 934488 102685 475161 988324 161924 101411 349753 146731 721000 587499 
170224 291861 885438 67273 908006 290468 243978 638819 604547 513991 423817 671376 347979 724747 622562 813618 889040 486960 6424 359295 696242 475500 835335 636757 210488 691240 678451 538824 468342 726582 0 171070 69804 241300 429788 267794 263974 18290 510252 196887 372374 555587 60890 717927 785097 930103 737383 27544 437300 527367 385179 367784 755244 165811 344255 359054 41896 212610 358877 574358 900702 621158 312919 563970 192815 867519 346155 911899 159533 951728 297346 440464 934524 439570 701797 370991 556713 980088 798396 81602 585261 415821 27219 356624 681953 753435 890231 330904 788879 663357 155301 794573 732808 219284 524756 372914 146216 122716 519061 439736 
114010 839596 104529 311261 544259 137516 166517 344512 46447 447401 626468 760842 605061 556795 561095 385175 473372 879760 840926 511437 691280 472972 266289 880393 981314 293823 866761 482912 827651 587493 171070 0 50890 356462 912445 686312 398408 670297 420685 256628 811016 708668 94490 541105 237498 262958 548637 957904 436205 486097 641594 587709 891197 504621 969914 590980 129054 483393 533609 148756 572382 250077 536491 435637 565097 540586 321188 861079 595360 706323 432376 21308 593771 142758 239307 412811 873011 717493 558784 733402 656496 359304 445924 337764 703885 106216 565172 147240 537609 422699 693680 865717 208507 708482 659062 709416 263652 527810 722877 909579 
730057 351317 59405 606756 99170 318674 877456 455282 482891 965892 574657 765873 599730 659209 834832 179248 302159 389564 730100 766251 125339 282240 299219 512841 431223 596097 485236 739337 788966 463377 69804 50890 0 266731 384289 481794 646803 134505 827325 659621 979599 735079 633425 491595 109461 10033 246736 89001 78452 378118 437505 127664 488207 178256 702802 525123 756076 631819 849120 236474 559604 858768 544416 622024 845340 256513 675897 544874 539541 178579 468607 757855 553042 24424 508342 662615 494954 791080 504006 574357 20921 203695 682619 551301 484638 255030 130195 371892 305124 739856 834391 918000 469148 673317 451987 630840 199772 861308 956898 472198 
853058 452515 299699 517981 737315 620880 493541 31387 846271 537567 15935 873425 623604 949517 109150 124553 350007 126668 399651 51335 694073 436432 802753 929037 252574 354493 445020 443791 160839 945900 241300 356462 266731 0 661725 429880 282102 569280 542051 608326 301971 979119 261814 275261 54014 536118 175218 475375 144262 930415 413616 360106 179717 471823 50459 965909 933142 49067 840648 428975 973433 536793 508869 589162 146240 234270 254768 185343 719061 634842 114347 144531 24981 986489 992434 793250 742276 49914 485235 583370 204408 448649 950364 703349 332258 784341 607820 765220 10202 327323 310266 610996 147699 922791 232014 331971 815246 719946 700363 920658 
777672 310186 388631 291326 994581 137015 895337 792673 1599 491226 664354 709312 19814 111374 127631 348210 156378 829111 21060 104571 332112 289987 608070 616276 420947 763203 484361 218139 174401 138821 429788 912445 384289 661725 0 274989 580364 221669 228907 448771 765866 941699 868319 824278 91667 830075 505808 41992 971474 310265 467725 469050 585940 481232 574811 866580 401004 689153 668001 884318 775721 520331 357680 406417 104516 484147 974977 87856 493318 175596 515013 129383 863822 364069 665536 640664 506444 105624 429699 292251 212481 988837 531770 881640 233658 595052 671415 423890 748930 741921 791193 616208 595478 820932 379743 320181 659517 141354 915519 853368 
552029 146579 68391 284296 476595 497433 783022 156966 393102 485497 504570 165519 733457 161065 89676 676500 249732 976729 572746 677485 685702 15852 395918 759884 749238 356526 133139 852299 651591 4658 267794 686312 481794 429880 274989 0 157747 757986 216835 809878 483741 873083 915639 49897 500490 808681 507203 34726 604292 566934 341650 10958 652049 980400 295712 343115 542848 675157 349775 411722 943198 670631 824646 419996 500185 319321 367468 543269 130040 360602 89022 145390 768410 497570 732313 955429 988430 894544 357450 163875 918142 730840 440013 561875 982613 691641 726030 884257 402033 928298 904801 641654 418147 460489 91930 819037 340568 520331 133954 633352 
725772 508282 985068 698717 524399 463846 564805 736041 520676 725964 524609 811748 733007 168328 119494 543537 721937 128490 512650 65528 236432 189740 109518 199923 662691 567525 551202 469025 696272 556358 263974 398408 646803 282102 580364 157747 0 635497 964178 529651 738065 654663 800166 966828 131828 828729 755949 680902 952720 570974 401490 262724 810788 79463 451025 455738 389989 597020 575442 59531 808530 270620 369674 823012 511832 751933 501472 929451 200471 586351 885366 600651 746196 988547 269083 638757 467500 741906 884890 151553 394832 907736 481907 37617 398482 340564 381755 348066 552864 547680 730107 513852 935587 96384 628753 453154 175128 23295 912776 777549 
523733 523293 833400 569315 443935 937284 859295 112360 758229 672535 280314 897147 290244 621551 672367 889903 323001 606097 912557 614474 186381 412705 905933 556267 529165 637529 278100 854338 691166 662757 18290 670297 134505 569280 221669 757986 635497 0 42714 727915 584442 731232 689310 594700 554425 26 311655 406671 22832 617206 21256 900034 948337 738230 766370 646752 111058 275060 863591 484737 499330 674976 643267 6754 324022 724306 308920 646324 715135 342268 97508 315190 116083 164629 449150 179517 800430 509438 904738 621495 69734 51688 275776 453495 507103 678213 541394 540898 248276 190708 986105 45599 986872 506539 518826 254020 603611 583601 507106 387295 
444314 911116 973639 492165 413262 264980 100015 620606 459060 935120 904860 613453 762870 146154 915392 399566 407114 114358 208929 525601 415091 416937 352411 531680 924847 891079 11103 513689 6604 893447 510252 420685 827325 542051 228907 216835 964178 42714 0 588801 640825 138208 326633 327549 472058 748163 58309 992246 775152 485974 279159 162934 495702 538149 839030 472661 483989 67411 442400 931337 394238 753429 370066 429137 200376 666933 866620 768610 489243 313433 817860 734567 647775 654857 977805 642332 684067 996550 892012 978616 227583 463683 294974 710678 819676 491692 574668 857541 329732 483394 499056 613943 543379 570810 660065 727025 613832 370805 500043 836951 
140435 546096 522346 22176 62302 579541 146805 125413 869279 950506 679193 599159 570714 131176 755282 729424 215918 215971 632471 297132 408638 576906 548571 551363 999327 328925 932044 326086 764945 369360 196887 256628 659621 608326 448771 809878 529651 727915 588801 0 538628 463328 944356 711283 435287 829867 407070 605135 364383 525099 590450 560502 172636 830185 506994 323010 803910 2359 249580 680527 95614 552768 345515 483112 156798 143792 507240 362362 424633 117873 612349 346140 589871 740203 858530 582320 699883 511209 939041 148895 139789 209621 588595 317796 430335 398038 984077 35913 453451 600172 281582 423967 165990 960347 54662 78525 202056 575734 426009 671277 
842337 988934 680360 789809 663572 677583 306363 193530 135905 561683 113916 285955 658043 217782 514631 405407 209204 786361 500510 320870 507107 251717 961922 50912 821896 390153 911040 546396 176041 605965 372374 811016 979599 301971 765866 483741 738065 584442 640825 538628 0 261209 447354 599653 952579 313660 625317 824624 392239 746067 570622 175653 337506 64187 42938 700305 409312 575238 569256 267901 457868 358656 532600 175036 101470 135161 18971 603648 235659 998262 41619 627146 954677 575242 10430 311083 17301 368321 228194 15175 538504 856572 954860 814221 70075 528743 936786 526440 763644 642273 884358 647778 451515 996079 136273 587911 427053 404653 314321 17797 
424864 236913 720232 199083 504186 86887 590553 456793 427044 434595 419785 94474 523489 750163 374516 217677 535875 442447 54666 493279 734685 862052 417286 867851 825019 304196 816600 304779 461668 358184 555587 708668 735079 979119 941699 873083 654663 731232 138208 463328 261209 0 615147 452653 694292 957718 466686 447059 534947 178304 140410 963794 267808 382117 412573 356235 515253 37702 754325 317318 560654 81119 158549 913496 988751 945453 949303 319511 561394 792542 731209 77049 723733 481071 400423 631018 985928 749421 36589 624652 658806 19845 238883 564557 226383 617742 974890 867443 216555 467089 150562 153310 105173 683693 489148 555197 489898 872306 296790 6306 
583651 259069 967499 732643 539387 596569 870746 370067 696939 226041 602220 772463 926756 483681 13245 123085 916817 698955 386624 905343 377188 604983 793005 571371 835103 432998 185228 266078 419196 267475 60890 94490 633425 261814 868319 915639 800166 689310 326633 944356 447354 615147 0 436132 97365 234522 94036 596489 432234 468849 558829 754947 588131 455350 298200 364435 82623 506139 118393 947615 388217 944280 91056 800805 315140 603694 528286 367579 603824 617996 146112 740339 539294 297369 851368 576227 390992 766138 624694 864766 466139 880384 460679 346796 432245 664524 614361 588269 911439 460323 664130 413402 362541 485094 811290 726394 190888 593745 469231 14060 
295807 983011 598902 730658 540544 259203 196245 949747 106924 623103 858228 708214 785520 797063 681323 666517 368729 168287 586491 805120 385710 159434 454538 978355 119521 860949 839899 717411 721407 826714 717927 541105 491595 275261 824278 49897 966828 594700 327549 711283 599653 452653 436132 0 523281 622148 601025 568952 98388 327134 594629 359780 339353 331358 550716 682317 726757 631501 880582 596768 891745 82371 761436 303548 853428 504504 67329 35593 684654 566996 217127 972880 534195 556755 130960 445228 551126 116541 973021 507888 576916 784357 657775 283749 642215 525701 638353 404393 138402 155233 838079 512265 287270 906564 259596 694187 88142 399734 431714 326437 
235463 457072 640927 207106 808944 201962 669024 256986 286620 527902 393858 765596 157998 606015 402994 496665 566534 834733 892941 704781 565914 606379 3706 640318 254952 122874 314605 493198 811693 311164 785097 237498 109461 54014 91667 500490 131828 554425 472058 435287 952579 694292 97365 523281 0 809657 556564 860622 313613 330625 251278 123491 730633 401656 451002 337562 311201 644548 539386 852311 289861 628467 171921 995210 43325 415044 422956 814918 16315 336851 241450 317587 538995 63747 316645 613932 986898 546157 977310 634098 861526 549069 971223 288769 848685 886160 423075 194788 345726 325698 690019 935722 320976 494153 54194 253385 799849 112674 945885 11685 
487123 509126 472035 401033 842780 530905 519058 267096 651566 777295 513145 819845 107391 489923 638768 478494 514572 942864 575723 765300 744784 408279 192720 303087 243996 514409 18921 158725 119731 638033 930103 262958 10033 536118 830075 808681 828729 26 748163 829867 313660 957718 234522 622148 809657 0 652822 456549 711161 166551 280255 25 55952 834962 955347 399236 692052 811801 58803 49296 954494 245809 78784 453452 499745 90026 785635 688512 289792 605251 299422 871235 565338 4197 884166 158057 147681 446828 226589 628783 383104 654550 771138 954001 255146 391765 746527 394665 617540 771706 155778 535934 549549 960890 426811 835099 530354 754650 659501 588362 
37148 81434 676166 664277 49875 511628 317634 259998 732914 513869 791510 461007 771152 811065 278317 433018 73953 647162 678181 66776 11822 967921 517929 870040 435134 166434 422841 444236 512156 384294 737383 548637 246736 175218 505808 507203 755949 311655 58309 407070 625317 466686 94036 601025 556564 652822 0 158975 357481 210629 190793 931523 771866 140614 668308 758903 848578 401215 901350 634768 573527 646696 931536 821111 604916 506190 862665 799609 330412 21319 583180 510447 516802 409212 961715 117787 287866 983714 245470 426744 274080 560318 504653 460296 61903 401604 460268 796663 911978 781451 646164 454077 348598 49779 283453 623006 473078 982275 878917 548894 
849280 713501 765784 19402 812495 924098 249207 445256 215183 670561 211145 653388 872876 630155 149737 576208 686229 99316 160430 216980 249618 163552 549518 574458 690257 919944 302173 653053 920809 792964 27544 957904 89001 475375 41992 34726 680902 406671 992246 605135 824624 447059 596489 568952 860622 456549 158975 0 53761 761979 472069 778600 486273 692609 862892 222303 553622 942769 581635 121855 280397 766674 564672 202317 356080 365391 818965 871597 501197 363259 411707 126028 417631 985157 939082 671599 451584 621140 470968 826330 993402 658082 467603 498501 368104 536889 952468 465720 146534 378516 16616 99718 187437 947230 732823 170271 439242 150500 229674 881648 
463421 799614 535583 84690 273510 471819 527298 235038 309143 149505 959573 631371 296171 721537 701439 89223 736546 418101 898855 113752 197183 434918 706775 548711 753089 66754 468177 872851 608549 761485 437300 436205 78452 144262 971474 604292 952720 22832 775152 364383 392239 534947 432234 98388 313613 711161 357481 53761 0 616660 596581 337159 382140 141713 292276 647721 320683 998766 54309 220707 475726 520350 250685 456498 412033 625354 580498 365393 501032 624476 492703 849225 479743 313145 348356 738339 332957 565680 125045 229901 473567 430317 354267 515786 136350 520400 330280 272993 647320 923330 549570 908714 23257 492711 851337 211689 568606 942551 409944 979863 
912147 597495 677984 508189 221484 261395 514142 26352 556701 493541 857379 221389 191454 320721 828272 424876 665407 591780 921024 93602 341085 526163 387800 465366 491947 687989 942914 310478 680478 573061 527367 486097 378118 930415 310265 566934 570974 617206 485974 525099 746067 178304 468849 327134 330625 166551 210629 761979 616660 0 126676 257869 242965 164684 212904 954877 435448 612649 65946 944655 739502 73425 825380 730615 297431 397545 527830 157824 121539 781247 444863 783726 834515 37073 733419 645576 542852 689941 103433 216409 550992 440981 573600 272867 141062 204054 466569 350360 449607 272518 197220 492034 860935 131071 283888 977511 341442 488671 134300 393990 
724055 562787 445651 764889 999938 663698 890510 324378 704615 170303 422765 174223 500794 298991 252038 522216 665450 299131 355154 847450 759500 371890 98156 342734 217692 577057 646898 866762 17020 723899 385179 641594 437505 413616 467725 341650 401490 21256 279159 590450 570622 140410 558829 594629 251278 280255 190793 472069 596581 126676 0 355716 630269 589937 795034 697095 56454 38208 160473 522868 177130 37716 113037 912732 71143 416017 302518 375964 584555 638311 378665 289696 602144 382168 909310 954285 586704 916588 108480 571968 815046 340958 927547 747971 557891 894541 505336 409455 241715 454592 967528 621099 500138 557839 901494 982413 601381 313224 127007 870316 
452368 186011 846781 549858 557186 696040 360504 272153 998358 536287 938706 471776 467917 629198 463193 423683 48222 36292 854546 910770 377509 941139 947599 948592 342736 176855 413987 221308 299286 808380 367784 587709 127664 360106 469050 10958 262724 900034 162934 560502 175653 963794 754947 359780 123491 25 931523 778600 337159 257869 355716 0 778850 271339 509437 348763 228975 759603 272251 738939 422807 191068 346547 773608 204820 474618 356611 373903 538427 16630 392664 723398 109894 906723 530899 598610 536574 558972 823834 284512 469392 381456 470746 570043 534435 862069 271527 893032 430868 472638 554768 612372 414988 842081 428154 636438 566526 340836 700894 836546 
605594 349394 380069 242447 453941 424580 322347 382504 769292 62639 548889 584057 705398 145831 384929 887630 72310 208172 690296 415975 797731 327929 886075 437578 773906 723498 739091 597237 460558 100427 755244 891197 488207 179717 585940 652049 810788 948337 495702 172636 337506 267808 588131 339353 730633 55952 771866 486273 382140 242965 630269 778850 0 669451 895126 524731 412347 915277 249998 548518 672703 440261 803806 809396 572292 550464 295482 958836 851442 201307 621001 162084 614834 611941 145414 430056 295473 578218 587212 684022 954427 562539 505613 756268 45633 484253 503792 946144 50663 501167 262625 438905 43629 553846 489073 533753 87564 637969 145887 938295 
518013 481259 571390 759138 399230 411945 23578 233022 605607 408108 386444 163183 375740 539149 693267 441176 624509 550663 775551 733467 232723 327245 624194 255141 589706 449135 228681 650374 610872 508763 165811 504621 178256 471823 481232 980400 79463 738230 538149 830185 64187 382117 455350 331358 401656 834962 140614 692609 141713 164684 589937 271339 669451 0 780839 669155 112039 440777 717953 975076 516581 128336 252898 679312 438827 101056 518004 285764 91075 856523 37492 701486 606657 631746 569221 2773 384772 717698 573069 591348 640225 796711 533250 712574 828118 806123 22293 859197 91032 683133 423605 313250 750999 210907 526401 526048 891431 110064 574842 352228 
132694 648893 9041 826544 518013 433096 4073 668323 368889 539016 461607 834610 482352 469851 428655 741267 704787 682864 510418 213553 650547 15548 407509 617159 374783 845070 424822 349036 397758 569890 344255 969914 702802 50459 574811 295712 451025 766370 839030 506994 42938 412573 298200 550716 451002 955347 668308 862892 292276 212904 795034 509437 895126 780839 0 622437 299826 572596 748987 126184 191910 732864 808798 837837 790484 973130 317804 565223 733444 93019 563514 194144 716215 118894 750298 840632 444745 558818 582599 391174 554480 643525 188111 661177 247655 133457 571166 196767 9840 76291 683967 369521 418670 514952 474440 426154 308776 720415 99069 618958 
781621 894021 644537 589352 487842 433629 914092 138071 929051 906693 506004 336401 783506 829754 144389 314676 769447 667810 151137 506654 563308 569416 734590 799123 374809 824733 721545 481571 278570 623061 359054 590980 525123 965909 866580 343115 455738 646752 472661 323010 700305 356235 364435 682317 337562 399236 758903 222303 647721 954877 697095 348763 524731 669155 622437 0 760803 307607 162743 508712 665034 480158 847955 650979 676009 617320 40517 554525 348755 105554 738056 81959 441974 945650 620959 15740 493868 596225 578301 84273 518165 719256 189564 802214 295243 933367 187590 155487 968541 953396 451885 571552 239630 975331 772057 859002 11538 365145 514689 465181 
565657 684654 453996 75800 443294 206328 546933 57986 1205 226131 59340 740698 718898 38050 492643 499132 607562 799452 228117 204235 294950 832063 698607 646705 247942 611027 637832 105643 189382 410266 41896 129054 756076 933142 401004 542848 389989 111058 483989 803910 409312 515253 82623 726757 311201 692052 848578 553622 320683 435448 56454 228975 412347 112039 299826 760803 0 610073 506921 597341 434542 453787 817958 343428 302471 784874 202494 21445 859194 5794 32091 388799 36108 616103 48495 720056 292453 754277 30470 639615 808548 953119 301706 204834 615717 993183 570823 675384 498682 443970 825911 280689 126401 514005 357888 141621 698348 503338 619292 698840 
368161 660285 216550 560761 767090 18985 740259 721383 611229 799738 400680 113808 424198 317053 597573 508503 203003 966161 620706 402046 300853 547781 509860 283858 10338 717742 149741 682180 757582 593929 212610 483393 631819 49067 689153 675157 597020 275060 67411 2359 575238 37702 506139 631501 644548 811801 401215 942769 998766 612649 38208 759603 915277 440777 572596 307607 610073 0 44286 691508 320552 603518 982488 654300 98042 831040 942367 328659 271926 599774 604776 434350 949082 97718 189662 608980 915140 510078 728894 957868 289227 125489 328640 84286 12520 189612 488059 908822 721719 801667 993559 325998 957428 681303 366075 967492 928136 91090 881600 756920 
