0 549924 327320 627162 267239 868605 201583 105712 948496 440472 706882 939911 811963 269513 676096 302101 132673 601178 929489 660503 
549924 0 768459 234090 926390 598391 503569 509879 105368 342172 441549 633842 120705 59941 648292 909210 163752 862637 346465 918798 
327320 768459 0 647256 570791 514336 330552 797425 277451 228672 604980 981011 727735 935264 785698 833590 288177 540806 614909 655532 
627162 234090 647256 0 60661 349527 521379 669933 863801 973683 506116 829967 598867 178248 574298 377222 263825 80414 45468 837901 
267239 926390 570791 60661 0 624755 839748 683427 527777 777423 681848 23520 761162 323473 431420 546198 243898 476963 605871 451269 
868605 598391 514336 349527 624755 0 23227 745864 558039 692453 750980 486249 789125 217880 666511 542579 334595 194492 527819 226860 
201583 503569 330552 521379 839748 23227 0 268500 350985 898162 123618 149463 436967 612854 105381 406759 849098 142830 499996 697112 
105712 509879 797425 669933 683427 745864 268500 0 989389 667522 392722 37742 481824 355436 84740 27468 357807 467564 991282 40656 
948496 105368 277451 863801 527777 558039 350985 989389 0 860850 821196 425786 940709 605201 112958 89889 770693 563320 107385 892785 
440472 342172 228672 973683 777423 692453 898162 667522 860850 0 563577 577078 554401 516113 198882 467285 934167 476666 177448 848927 
706882 441549 604980 506116 681848 750980 123618 392722 821196 563577 0 968581 656316 728371 760665 299571 224692 329079 765023 405805 
939911 633842 981011 829967 23520 486249 149463 37742 425786 577078 968581 0 587619 342464 268060 500280 417800 631496 315689 376565 
811963 120705 727735 598867 761162 789125 436967 481824 940709 554401 656316 587619 0 655719 819998 381723 38217 577988 560696 991046 
269513 59941 935264 178248 323473 217880 612854 355436 605201 516113 728371 342464 655719 0 74676 770965 562177 754603 900843 233486 
676096 648292 785698 574298 431420 666511 105381 84740 112958 198882 760665 268060 819998 74676 0 654561 552151 412358 143701 994565 
302101 909210 833590 377222 546198 542579 406759 27468 89889 467285 299571 500280 381723 770965 654561 0 127481 893925 670569 897371 
132673 163752 288177 263825 243898 334595 849098 357807 770693 934167 224692 417800 38217 562177 552151 127481 0 38015 66542 769375 
601178 862637 540806 80414 476963 194492 142830 467564 563320 476666 329079 631496 577988 754603 412358 893925 38015 0 960420 442884 
929489 346465 614909 45468 605871 527819 499996 991282 107385 177448 765023 315689 560696 900843 143701 670569 66542 960420 0 959702 
660503 918798 655532 837901 451269 226860 697112 40656 892785 848927 405805 376565 991046 233486 994565 897371 769375 442884 959702 0 

0 11646 672681 457024 457726 158015 440815 999483 51505 559529 293119 356363 817850 730488 105406 697900 867328 398823 289497 702461 
11646 0 231542 505999 985831 401610 496432 490122 894633 184778 558452 366159 191115 940060 351709 90791 836249 899846 653536 150669 
672681 231542 0 384135 561577 105370 536673 202576 722550 771329 395021 254159 249205 253761 817415 104615 961403 459195 118513 344469 
457024 505999 384135 0 664447 617035 941622 330068 647258 26318 452114 887072 276940 821753 481518 330501 711421 569214 954533 805303 
457726 985831 561577 664447 0 375246 160253 967837 472224 37708 409325 574477 534979 676528 300557 453803 756103 523038 533196 757862 
158015 401610 105370 617035 375246 0 976774 625136 441962 690188 672744 243998 210876 993758 333490 726882 299134 805509 998480 674190 
440815 496432 536673 941622 160253 976774 0 731501 649016 101839 876383 707409 126785 387147 894620 52926 87511 868464 500005 302889 
999483 490122 202576 330068 967837 625136 731501 0 327748 524373 972753 742418 518177 644565 755334 28192 642194 451410 798518 959345 
51505 894633 722550 647258 472224 441962 649016 327748 0 858687 130863 574215 59292 973731 887043 906966 229308 436681 821020 489243 
559529 184778 771329 26318 37708 690188 101839 524373 858687 0 436424 422923 821994 483888 801119 848531 474348 523335 396327 478423 
293119 558452 395021 452114 409325 672744 876383 972753 130863 436424 0 390867 343685 302908 873408 529196 975202 591504 439978 594196 
356363 366159 254159 887072 574477 243998 707409 742418 574215 422923 390867 0 412382 657537 597126 499721 891675 576623 873038 491168 
817850 191115 249205 276940 534979 210876 126785 518177 59292 821994 343685 412382 0 613051 180003 618278 264206 422013 439305 346862 
730488 940060 253761 821753 676528 993758 387147 644565 973731 483888 302908 657537 613051 0 524923 159225 59142 245398 99158 766515 
105406 351709 817415 481518 300557 333490 894620 755334 887043 801119 873408 597126 180003 524923 0 345440 447850 587643 267125 74217 
697900 90791 104615 330501 453803 726882 52926 28192 906966 848531 529196 499721 618278 159225 345440 0 868627 5427 307835 102630 
867328 836249 961403 711421 756103 299134 87511 642194 229308 474348 975202 891675 264206 59142 447850 868627 0 557450 293228 230626 
398823 899846 459195 569214 523038 805509 868464 451410 436681 523335 591504 576623 422013 245398 587643 5427 557450 0 647999 634034 
289497 653536 118513 954533 533196 998480 500005 798518 821020 396327 439978 873038 439305 99158 267125 307835 293228 647999 0 40299 
702461 150669 344469 805303 757862 674190 302889 959345 489243 478423 594196 491168 346862 766515 74217 102630 230626 634034 40299 0 
