0 74 96 64 87 67 96 4 4 33 86 6 99 71 23 42 57 87 74 100 
74 0 31 88 83 54 54 54 83 53 31 79 29 31 88 53 22 88 88 88 
96 31 0 91 86 22 28 83 45 31 89 53 31 83 6 35 84 84 49 22 
64 88 91 0 28 41 28 83 83 88 81 88 91 71 81 71 81 28 88 88 
87 83 86 28 0 83 32 32 83 83 91 28 91 86 49 83 83 28 88 83 
67 54 22 41 83 0 54 1 20 83 54 58 54 83 83 83 83 83 83 83 
96 54 28 28 32 54 0 94 57 83 57 28 28 83 8 96 43 28 83 28 
4 54 83 83 32 1 94 0 96 83 71 48 94 83 83 96 83 83 83 62 
4 83 45 83 83 20 57 96 0 83 83 28 83 83 83 96 59 83 83 98 
33 53 31 88 83 83 83 83 83 0 18 31 83 39 83 96 88 88 88 88 
86 31 89 81 91 54 57 71 83 18 0 28 91 31 98 83 83 81 81 22 
6 79 53 88 28 58 28 48 28 31 28 0 88 87 87 53 28 28 53 88 
99 29 31 91 91 54 28 94 83 83 91 88 0 62 23 83 53 28 88 90 
71 31 83 71 86 83 83 83 83 39 31 87 62 0 43 81 83 83 81 86 
23 88 6 81 49 83 8 83 83 83 98 87 23 43 0 6 61 74 98 6 
42 53 35 71 83 83 96 96 96 96 83 53 83 81 6 0 96 83 58 73 
57 22 84 81 83 83 43 83 59 88 83 28 53 83 61 96 0 27 83 83 
87 88 84 28 28 83 28 83 83 88 81 28 28 83 74 83 27 0 49 88 
74 88 49 88 88 83 83 83 83 88 81 53 88 81 98 58 83 49 0 53 
100 88 22 88 83 83 28 62 98 88 22 88 90 86 6 73 83 88 53 0 

0 27 38 9 30 23 14 46 57 68 15 95 62 30 92 66 26 89 16 89 
27 0 70 13 71 47 47 47 71 48 70 22 100 70 13 48 79 13 13 13 
38 70 0 82 7 62 73 71 21 70 11 48 70 71 81 66 17 17 52 62 
9 13 82 0 73 60 73 71 71 13 20 13 10 30 17 30 20 73 13 13 
30 71 7 73 0 71 15 15 71 71 10 73 10 7 83 71 71 73 13 71 
23 47 62 60 71 0 47 76 10 71 47 40 47 71 71 71 71 71 71 71 
14 47 73 73 15 47 0 13 44 71 66 73 73 71 58 5 58 73 71 73 
46 47 71 71 15 76 13 0 5 71 30 53 13 71 71 5 71 71 71 65 
57 71 21 71 71 10 44 5 0 71 71 73 71 71 71 5 40 71 71 3 
68 48 70 13 71 71 71 71 71 0 83 70 71 62 71 5 13 13 13 13 
15 70 11 20 10 47 66 30 71 83 0 73 60 70 58 71 71 20 20 62 
95 22 48 13 73 40 73 53 73 70 73 0 13 59 59 48 73 73 48 13 
62 100 70 10 10 47 73 13 71 71 60 13 0 39 78 71 48 73 13 94 
30 70 71 30 7 71 71 71 71 62 70 59 39 0 58 64 71 71 64 7 
92 13 81 17 83 71 58 71 71 71 58 59 78 58 0 81 40 26 61 1 
66 48 66 30 71 71 5 5 5 5 71 48 71 64 81 0 5 71 43 74 
26 79 17 20 71 71 58 71 40 13 71 73 48 71 40 5 0 74 71 71 
89 13 17 73 73 71 73 71 71 13 20 73 73 71 26 71 74 0 52 13 
16 13 52 13 13 71 71 71 71 13 20 48 13 64 61 43 71 52 0 48 
89 13 62 13 71 71 73 65 3 13 62 13 94 7 1 74 71 13 48 0 
