0 2396 2283 2200 90 2305 1825 124 2068 1933 1880 
2396 0 258 192 258 309 366 51 420 87 192 
2283 258 0 207 525 525 402 51 162 366 162 
2200 192 207 0 258 600 192 564 24 255 564 
90 258 525 258 0 516 516 45 579 261 60 
2305 309 525 600 516 0 516 45 57 456 198 
1825 366 402 192 516 516 0 45 519 195 507 
124 51 51 564 45 45 45 0 519 237 564 
2068 420 162 24 579 57 519 519 0 516 420 
1933 87 366 255 261 456 195 237 516 0 444 
1880 192 162 564 60 198 507 564 420 444 0 

0 2064 2171 1833 42 2351 1954 78 2243 1841 2083 
2064 0 228 272 228 194 328 268 230 342 272 
2171 228 0 262 282 282 132 268 292 156 292 
1833 272 262 0 228 0 272 74 384 230 74 
42 228 282 228 0 56 56 50 14 226 360 
2351 194 282 0 56 0 56 50 362 96 268 
1954 328 132 272 56 56 0 50 54 270 62 
78 268 268 74 50 50 50 0 54 242 74 
2243 230 292 384 14 362 54 54 0 56 230 
1841 342 156 230 226 96 270 242 56 0 104 
2083 272 292 74 360 268 62 74 230 104 0 
