0 1419 1598 1244 45 1327 1296 1576 194 1289 1213 
1419 0 286 212 58 116 334 234 116 8 212 
1598 286 0 392 278 122 242 178 216 222 172 
1244 212 392 0 58 58 336 212 122 238 122 
45 58 278 58 0 32 400 304 32 32 58 
1327 116 122 58 32 0 336 254 58 178 58 
1296 334 242 336 400 336 0 234 238 166 88 
1576 234 178 212 304 254 234 0 212 112 104 
194 116 216 122 32 58 238 212 0 178 122 
1289 8 222 238 32 178 166 112 178 0 238 
1213 212 172 122 58 58 88 104 122 238 0 

0 1418 1490 1232 34 1308 1360 1406 120 1571 1348 
1418 0 57 148 94 142 33 83 142 196 148 
1490 57 0 4 61 139 79 111 92 89 114 
1232 148 4 0 94 171 32 94 139 81 139 
34 94 61 94 0 163 0 48 163 163 94 
1308 142 139 171 163 0 32 73 171 73 171 
1360 33 79 32 0 32 0 83 81 117 156 
1406 83 111 94 48 73 83 0 94 144 148 
120 142 92 139 163 171 81 94 0 73 139 
1571 196 89 81 163 73 117 144 73 0 81 
1348 148 114 139 94 171 156 148 139 81 0 
