0 65 1359 1144 1341 1107 1287 1386 80 1234 1271 
65 0 115 113 50 183 194 115 66 17 172 
1359 115 0 73 127 180 194 115 115 17 131 
1144 113 73 0 189 68 158 73 73 68 158 
1341 50 127 189 0 189 141 59 189 24 68 
1107 183 180 68 189 0 131 49 180 153 190 
1287 194 194 158 141 131 0 166 186 180 158 
1386 115 115 73 59 49 166 0 115 17 189 
80 66 115 73 189 180 186 115 0 153 131 
1234 17 17 68 24 153 180 17 153 0 17 
1271 172 131 158 68 190 158 189 131 17 0 

0 113 1105 1311 1264 1168 1212 1145 97 1163 1251 
113 0 366 174 300 34 236 366 268 170 56 
1105 366 0 254 146 174 236 170 170 170 180 
1311 174 254 0 22 264 84 254 254 264 84 
1264 300 146 22 0 94 118 282 94 352 264 
1168 34 174 264 94 0 138 302 174 236 20 
1212 236 236 84 118 138 0 68 28 40 84 
1145 366 170 254 282 302 68 0 170 170 240 
97 268 170 254 94 174 28 170 0 236 180 
1163 170 170 264 352 236 40 170 236 0 366 
1251 56 180 84 264 20 84 240 180 366 0 
