0 2125 1912 2058 2019 53 173 2117 2157 1691 2055 
2125 0 172 258 258 370 172 110 68 96 332 
1912 172 0 268 338 400 268 110 268 332 110 
2058 258 268 0 258 42 348 242 348 96 370 
2019 258 338 258 0 370 166 56 96 96 96 
53 370 400 42 370 0 34 338 142 322 170 
173 172 268 348 166 34 0 110 348 350 378 
2117 110 110 242 56 338 110 0 56 348 56 
2157 68 268 348 96 142 348 56 0 350 96 
1691 96 332 96 96 322 350 348 350 0 332 
2055 332 110 370 96 170 378 56 96 332 0 

0 1744 2016 2131 2155 160 29 1717 1956 1959 1764 
1744 0 387 45 45 213 387 342 498 288 132 
2016 387 0 156 93 0 156 342 156 102 435 
2131 45 156 0 45 537 75 237 75 288 45 
2155 45 93 45 0 213 351 396 486 288 486 
160 213 0 537 213 0 549 93 387 117 345 
29 387 156 75 351 549 0 342 75 198 33 
1717 342 342 237 396 93 342 0 396 78 396 
1956 498 156 75 486 387 75 396 0 198 486 
1959 288 102 288 288 117 198 78 198 0 132 
1764 132 435 45 486 345 33 396 486 132 0 
