0 1325 1368 190 1430 1363 1395 1436 1309 91 1243 
1325 0 358 198 230 332 38 364 276 332 332 
1368 358 0 332 266 200 328 332 120 82 364 
190 198 332 0 174 198 222 276 264 198 264 
1430 230 266 174 0 230 214 38 352 288 198 
1363 332 200 198 230 0 80 198 276 332 330 
1395 38 328 222 214 80 0 256 286 304 42 
1436 364 332 276 38 198 256 0 238 364 276 
1309 276 120 264 352 276 286 238 0 52 264 
91 332 82 198 288 332 304 364 52 0 52 
1243 332 364 264 198 330 42 276 264 52 0 

0 1439 1098 34 1310 1179 1217 1434 1336 51 1233 
1439 0 42 68 170 202 362 36 124 202 68 
1098 42 0 68 134 200 72 68 280 318 36 
34 68 68 0 226 68 178 124 136 68 136 
1310 170 134 226 0 170 186 362 48 112 202 
1179 202 200 68 170 0 320 136 124 202 162 
1217 362 72 178 186 320 0 144 114 96 358 
1434 36 68 124 362 136 144 0 162 36 124 
1336 124 280 136 48 124 114 162 0 348 136 
51 202 318 68 112 202 96 36 348 0 348 
1233 68 36 136 202 162 358 124 136 348 0 
