0 124 3214 3528 2954 3211 3442 174 3670 3342 3321 
124 0 10 10 140 200 10 90 140 10 930 
3214 10 0 560 630 755 560 90 500 450 90 
3528 10 560 0 630 85 560 430 540 325 410 
2954 140 630 630 0 85 540 630 235 330 410 
3211 200 755 85 85 0 625 630 765 460 85 
3442 10 560 560 540 625 0 730 945 480 730 
174 90 90 430 630 630 730 0 235 135 430 
3670 140 500 540 235 765 945 235 0 725 235 
3342 10 450 325 330 460 480 135 725 0 355 
3321 930 90 410 410 85 730 430 235 355 0 

0 185 3653 2972 3776 2866 3082 72 3699 3205 3654 
185 0 88 88 153 160 88 182 153 198 14 
3653 88 0 93 74 49 93 182 100 110 182 
2972 88 93 0 74 183 93 176 92 135 118 
3776 153 74 74 0 183 92 162 172 134 118 
2866 160 49 183 183 0 75 162 47 108 183 
3082 88 93 93 92 75 0 114 11 104 114 
72 182 182 176 162 162 114 0 153 173 176 
3699 153 100 92 172 47 11 153 0 55 172 
3205 198 110 135 134 108 104 173 55 0 129 
3654 14 182 118 118 183 114 176 172 129 0 
