0 1215 1269 1300 1508 1524 1278 1331 1484 197 126 
1215 0 338 114 232 106 106 10 106 202 92 
1269 338 0 346 346 214 338 86 186 164 366 
1300 114 346 0 346 368 164 10 164 6 338 
1508 232 346 346 0 346 162 338 346 288 338 
1524 106 214 368 346 0 316 106 316 314 34 
1278 106 338 164 162 316 0 10 316 10 162 
1331 10 86 10 338 106 10 0 90 330 338 
1484 106 186 164 346 316 316 90 0 114 162 
197 202 164 6 288 314 10 330 114 0 392 
126 92 366 338 338 34 162 338 162 392 0 

0 1289 1431 1547 1473 1294 1224 1490 1401 170 75 
1289 0 334 390 168 294 294 62 294 198 308 
1431 334 0 54 54 186 334 314 214 236 232 
1547 390 54 0 54 32 366 62 366 394 62 
1473 168 54 54 0 54 238 62 54 112 62 
1294 294 186 32 54 0 84 84 84 86 308 
1224 294 334 366 238 84 0 62 84 390 236 
1490 62 314 62 62 84 62 0 310 70 62 
1401 294 214 366 54 84 84 310 0 286 236 
170 198 236 394 112 86 390 70 286 0 8 
75 308 232 62 62 308 236 62 236 8 0 
