0 3777 3721 2991 3690 139 3557 3287 3317 99 3493 
3777 0 528 585 69 573 294 69 69 297 387 
3721 528 0 15 213 531 213 213 15 393 171 
2991 585 15 0 588 159 531 531 252 426 225 
3690 69 213 588 0 510 279 279 447 21 306 
139 573 531 159 510 0 159 510 315 561 576 
3557 294 213 531 279 159 0 279 561 21 468 
3287 69 213 531 279 510 279 0 447 21 396 
3317 69 15 252 447 315 561 447 0 540 465 
99 297 393 426 21 561 21 21 540 0 396 
3493 387 171 225 306 576 468 396 465 396 0 

0 3349 3886 3004 3750 104 3592 3858 3292 141 3126 
3349 0 120 25 355 45 510 355 355 505 355 
3886 120 0 975 625 115 625 625 955 975 715 
3004 25 975 0 20 735 115 115 580 290 625 
3750 355 625 20 0 65 645 645 255 625 490 
104 45 115 735 65 0 735 65 475 150 40 
3592 510 625 115 645 735 0 645 65 625 220 
3858 355 625 115 645 65 645 0 255 625 340 
3292 355 955 580 255 475 65 255 0 100 225 
141 505 975 290 625 150 625 625 100 0 340 
3126 355 715 625 490 40 220 340 225 340 0 
