0 924386 646853 230564 298362 623961 969937 983393 178715 530437 825179 872005 355060 103439 296069 128214 803644 802110 357142 563575 488207 614739 278156 344745 609074 969593 736811 505248 437572 450785 484820 58198 887698 345261 285006 852915 228974 700083 707936 133665 681686 495819 541132 870089 323618 60694 526054 291082 659998 458335 
924386 0 715899 117425 21024 476492 246280 544067 606679 289370 78772 986124 547864 213279 153304 150241 920487 157846 471123 749737 459867 372468 393417 395613 799843 30982 146664 513742 389270 448019 699017 502078 895196 663182 824159 304500 502618 523236 511969 139312 615618 313784 736666 586933 931072 802870 599485 45005 235027 761449 
646853 715899 0 410270 597118 798886 384886 717632 157804 970694 714723 98206 553483 116765 822955 580824 612658 105221 479689 557598 103520 137320 960555 180038 283967 614863 248500 494883 211535 652490 167884 242780 597263 50981 355935 518672 297359 461003 244487 160986 298674 538439 698554 347100 552915 159435 462721 224996 216948 526324 
230564 117425 410270 0 565682 695068 425141 571013 381263 571687 320882 872833 268392 286601 924042 775152 309497 540122 122579 658663 229062 743610 852503 720834 952828 82094 460492 363219 187696 274966 377126 584437 416958 713701 896332 781786 571422 452365 221017 684341 990795 491670 717701 428106 443603 550468 348711 27306 401110 240529 
298362 21024 597118 565682 0 57943 28873 105756 691669 617145 623355 498324 612885 66208 748260 537903 269168 6914 517243 785228 301345 550625 559287 240844 953210 630620 288103 591813 555466 459229 718239 193336 820299 579931 531531 865025 280321 437287 679208 243389 337000 730667 56182 544855 330526 496362 162150 250245 612247 476003 
623961 476492 798886 695068 57943 0 357470 199307 229203 878865 966175 223403 414710 974018 429526 636124 372624 522899 615033 684003 188561 382308 923137 589589 994083 408622 494564 530996 525819 625182 241183 226893 512285 637125 428535 531794 560180 701664 220056 815087 355568 517637 160712 991923 186909 348815 565206 765234 217341 772210 
969937 246280 384886 425141 28873 357470 0 218128 670052 410758 913935 445330 763705 870300 630482 218643 678805 437507 210786 416815 488555 467056 896341 979616 631372 462558 110382 629849 183658 603532 517965 97765 889968 699701 54800 844698 756105 748395 643258 515839 410936 508599 678570 303648 502546 318547 615168 543201 945107 152223 
983393 544067 717632 571013 105756 199307 218128 0 602036 463660 896673 645200 415018 887597 184061 376598 448007 674892 520900 125934 508943 663802 616886 478254 488233 403813 289038 573185 358224 9672 259862 957213 665718 617550 884714 796686 168984 609269 416577 245377 472905 512106 417091 475069 216824 120664 605508 865394 201714 9643 
178715 606679 157804 381263 691669 229203 670052 602036 0 463842 194617 489964 142665 389645 704797 463573 660070 199407 766369 590007 313843 578461 43374 560008 139575 478284 16291 985552 811402 882458 508215 214675 892779 934520 587906 399592 479675 960512 533375 611683 420610 844262 314122 279130 273338 888220 210985 689710 378786 968242 
530437 289370 970694 571687 617145 878865 410758 463660 463842 0 827417 480596 723953 394211 284875 80144 387122 857933 540418 932574 275071 386753 287530 522428 632772 446993 468443 422595 840278 202474 966893 186875 951995 833894 586744 186139 887093 391792 71329 369910 832201 587468 755465 793652 884291 493531 878919 271600 317363 965695 
825179 78772 714723 320882 623355 966175 913935 896673 194617 827417 0 244387 488441 850169 855837 340676 449952 380545 524001 10841 468559 552553 380192 281053 889 832432 684733 395333 745821 487260 420328 318676 781554 34337 450193 706966 620063 449082 410689 594152 926423 354929 538791 462917 265609 242702 747016 83252 766704 444851 
872005 986124 98206 872833 498324 223403 445330 645200 489964 480596 244387 0 231839 20033 33768 32953 792736 805196 688667 56837 910925 925978 326202 839467 515064 370308 148179 651539 908204 670783 739495 405761 322003 853351 146387 388911 266415 787369 322465 498248 409917 449386 492535 144089 566862 254082 784593 842373 745733 551774 
355060 547864 553483 268392 612885 414710 763705 415018 142665 723953 488441 231839 0 191292 833598 507049 633243 350526 142985 449854 432948 22399 757452 826041 103129 561440 101921 634811 437111 729741 728632 794810 642820 366914 351986 237916 925289 652059 953937 183136 273510 413050 618304 497405 505293 535915 72848 342519 455366 579975 
103439 213279 116765 286601 66208 974018 870300 887597 389645 394211 850169 20033 191292 0 73477 623779 963678 27535 667845 719196 125595 682467 764273 771328 881497 491059 535788 560906 600047 89892 588215 606429 644157 269396 787987 454596 401021 603446 439542 540421 407683 146953 551847 711638 392329 745854 377022 841692 523017 943054 
296069 153304 822955 924042 748260 429526 630482 184061 704797 284875 855837 33768 833598 73477 0 996652 884430 110260 981183 648355 998397 98193 208163 134963 119944 947854 577896 535937 512453 244210 146970 868507 538802 388174 802650 176425 507052 302705 656922 938338 491994 377656 111844 947346 596640 112351 401811 139774 679004 276149 
128214 150241 580824 775152 537903 636124 218643 376598 463573 80144 340676 32953 507049 623779 996652 0 751151 30171 428437 92486 826885 41273 435180 917200 780793 539986 439380 856295 549987 751701 474699 507776 872179 972553 479348 900689 824188 754943 696092 598906 466626 358175 642719 277597 300553 308136 99305 360013 406527 452270 
803644 920487 612658 309497 269168 372624 678805 448007 660070 387122 449952 792736 633243 963678 884430 751151 0 565941 107154 470601 558046 250229 103267 178567 456934 808310 303155 318837 98534 490694 605773 816824 781854 440311 609971 894886 622995 264643 766234 740756 644520 630032 260046 740234 253039 912289 601417 90176 346085 325159 
802110 157846 105221 540122 6914 522899 437507 674892 199407 857933 380545 805196 350526 27535 110260 30171 565941 0 56758 510719 647785 194455 77202 498868 236949 193316 525486 780753 74781 770905 568444 76108 803691 655043 425757 958447 911470 193086 898331 228110 732049 653802 424759 702741 415802 977545 205603 512399 60711 103455 
357142 471123 479689 122579 517243 615033 210786 520900 766369 540418 524001 688667 142985 667845 981183 428437 107154 56758 0 382930 818663 654259 369352 760858 306125 505499 402897 593619 741272 530674 230680 62569 645609 985177 898464 637751 276283 404293 501521 629436 430589 517762 354265 356607 473451 345734 597127 189419 87467 412655 
563575 749737 557598 658663 785228 684003 416815 125934 590007 932574 10841 56837 449854 719196 648355 92486 470601 510719 382930 0 681061 557877 402934 962364 669238 552664 388406 824745 217566 928939 95223 876161 586833 410485 220629 357624 150672 620599 551474 108776 440040 998837 478267 360058 181999 879952 151974 820975 835388 792067 
488207 459867 103520 229062 301345 188561 488555 508943 313843 275071 468559 910925 432948 125595 998397 826885 558046 647785 818663 681061 0 426957 316425 1140 155455 551517 458320 862492 463413 397064 578554 417769 586688 116361 515253 185614 146146 639192 676470 760308 431940 761 795058 410670 326291 721172 457147 145808 397933 726094 
614739 372468 137320 743610 550625 382308 467056 663802 578461 386753 552553 925978 22399 682467 98193 41273 250229 194455 654259 557877 426957 0 665390 89641 772692 32479 465282 692595 268515 64657 801542 308900 690823 82871 827513 188913 655177 577192 885832 358583 312400 791085 332497 960463 629557 216901 228033 675691 378338 587568 
278156 393417 960555 852503 559287 923137 896341 616886 43374 287530 380192 326202 757452 764273 208163 435180 103267 77202 369352 402934 316425 665390 0 87 515556 903622 282542 525297 100318 664425 113775 756713 360931 62356 180915 961148 1421 473729 337753 652253 487687 599473 101302 39171 134754 256530 425751 440233 677442 411350 
344745 395613 180038 720834 240844 589589 979616 478254 560008 522428 281053 839467 826041 771328 134963 917200 178567 498868 760858 962364 1140 89641 87 0 14583 778147 203743 753737 682130 715214 430344 622721 801196 19182 173250 427606 690035 739161 784483 506402 789277 243761 796011 319384 134762 271389 529807 413646 260871 537204 
609074 799843 283967 952828 953210 994083 631372 488233 139575 632772 889 515064 103129 881497 119944 780793 456934 236949 306125 669238 155455 772692 515556 14583 0 246396 619316 152221 565702 524970 681327 293380 351577 597197 372137 118929 654345 916961 163185 555180 896492 241433 308914 905541 989185 424629 374982 193089 484334 794160 
969593 30982 614863 82094 630620 408622 462558 403813 478284 446993 832432 370308 561440 491059 947854 539986 808310 193316 505499 552664 551517 32479 903622 778147 246396 0 280374 339931 805943 916887 710274 538316 404451 628679 709005 206008 942645 690352 621728 12852 389476 616784 548312 525421 395382 542838 598626 252104 831138 630838 
736811 146664 248500 460492 288103 494564 110382 289038 16291 468443 684733 148179 101921 535788 577896 439380 303155 525486 402897 388406 458320 465282 282542 203743 619316 280374 0 327115 598650 941523 548886 899440 797644 299143 800323 897225 380665 942656 621151 620655 879919 152284 622231 667130 255378 773902 361131 121326 149814 371141 
505248 513742 494883 363219 591813 530996 629849 573185 985552 422595 395333 651539 634811 560906 535937 856295 318837 780753 593619 824745 862492 692595 525297 753737 152221 339931 327115 0 48900 396448 462344 497222 505700 467603 624873 67037 483698 642852 801846 956036 418104 654524 973200 436051 41105 279832 396618 351693 255237 561873 
437572 389270 211535 187696 555466 525819 183658 358224 811402 840278 745821 908204 437111 600047 512453 549987 98534 74781 741272 217566 463413 268515 100318 682130 565702 805943 598650 48900 0 612591 496447 124725 712597 579865 942783 970154 473585 858137 822767 267150 433002 116296 406277 250594 137424 397857 418036 199415 103840 696407 
450785 448019 652490 274966 459229 625182 603532 9672 882458 202474 487260 670783 729741 89892 244210 751701 490694 770905 530674 928939 397064 64657 664425 715214 524970 916887 941523 396448 612591 0 580765 683213 658710 102418 987702 814292 292633 92131 473681 858181 705182 166825 837348 462964 347651 614086 400155 175104 405938 301828 
484820 699017 167884 377126 718239 241183 517965 259862 508215 966893 420328 739495 728632 588215 146970 474699 605773 568444 230680 95223 578554 801542 113775 430344 681327 710274 548886 462344 496447 580765 0 636594 855790 250348 813697 340831 546467 601810 496573 266877 581129 768008 928748 929445 50633 907196 762552 361488 299557 357383 
58198 502078 242780 584437 193336 226893 97765 957213 214675 186875 318676 405761 794810 606429 868507 507776 816824 76108 62569 876161 417769 308900 756713 622721 293380 538316 899440 497222 124725 683213 636594 0 424612 559866 395871 83852 753329 207702 543053 577206 832273 691614 571465 512899 853679 341413 417359 972476 964674 939493 
887698 895196 597263 416958 820299 512285 889968 665718 892779 951995 781554 322003 642820 644157 538802 872179 781854 803691 645609 586833 586688 690823 360931 801196 351577 404451 797644 505700 712597 658710 855790 424612 0 160179 264992 728111 872843 350827 551563 440626 519980 701264 590207 891984 554542 320971 660121 242849 748012 238625 
345261 663182 50981 713701 579931 637125 699701 617550 934520 833894 34337 853351 366914 269396 388174 972553 440311 655043 985177 410485 116361 82871 62356 19182 597197 628679 299143 467603 579865 102418 250348 559866 160179 0 869917 446907 150207 320856 579319 104597 438340 704457 105823 799241 544734 765550 480758 955786 375446 313639 
285006 824159 355935 896332 531531 428535 54800 884714 587906 586744 450193 146387 351986 787987 802650 479348 609971 425757 898464 220629 515253 827513 180915 173250 372137 709005 800323 624873 942783 987702 813697 395871 264992 869917 0 941494 518177 750546 743918 513345 547659 502414 913153 914968 250713 641964 782576 554357 76503 583434 
852915 304500 518672 781786 865025 531794 844698 796686 399592 186139 706966 388911 237916 454596 176425 900689 894886 958447 637751 357624 185614 188913 961148 427606 118929 206008 897225 67037 970154 814292 340831 83852 728111 446907 941494 0 881714 2443 530742 355286 179927 331769 290109 639874 895692 887279 271199 601326 432359 39021 
228974 502618 297359 571422 280321 560180 756105 168984 479675 887093 620063 266415 925289 401021 507052 824188 622995 911470 276283 150672 146146 655177 1421 690035 654345 942645 380665 483698 473585 292633 546467 753329 872843 150207 518177 881714 0 705586 541578 581662 556176 410956 72565 491865 259467 123412 909954 404986 210627 615091 
700083 523236 461003 452365 437287 701664 748395 609269 960512 391792 449082 787369 652059 603446 302705 754943 264643 193086 404293 620599 639192 577192 473729 739161 916961 690352 942656 642852 858137 92131 601810 207702 350827 320856 750546 2443 705586 0 676776 202198 456390 441475 649871 210755 671959 716905 388295 602155 647941 159767 
707936 511969 244487 221017 679208 220056 643258 416577 533375 71329 410689 322465 953937 439542 656922 696092 766234 898331 501521 551474 676470 885832 337753 784483 163185 621728 621151 801846 822767 473681 496573 543053 551563 579319 743918 530742 541578 676776 0 517425 838788 750561 748999 200386 135391 684799 950797 508107 768911 575849 
133665 139312 160986 684341 243389 815087 515839 245377 611683 369910 594152 498248 183136 540421 938338 598906 740756 228110 629436 108776 760308 358583 652253 506402 555180 12852 620655 956036 267150 858181 266877 577206 440626 104597 513345 355286 581662 202198 517425 0 693132 585189 522314 725045 478134 902357 155051 915299 325025 365670 
681686 615618 298674 990795 337000 355568 410936 472905 420610 832201 926423 409917 273510 407683 491994 466626 644520 732049 430589 440040 431940 312400 487687 789277 896492 389476 879919 418104 433002 705182 581129 832273 519980 438340 547659 179927 556176 456390 838788 693132 0 716520 966642 96376 364389 546336 555767 781662 835608 103607 
495819 313784 538439 491670 730667 517637 508599 512106 844262 587468 354929 449386 413050 146953 377656 358175 630032 653802 517762 998837 761 791085 599473 243761 241433 616784 152284 654524 116296 166825 768008 691614 701264 704457 502414 331769 410956 441475 750561 585189 716520 0 482213 477208 635781 647804 486225 43612 282391 471676 
541132 736666 698554 717701 56182 160712 678570 417091 314122 755465 538791 492535 618304 551847 111844 642719 260046 424759 354265 478267 795058 332497 101302 796011 308914 548312 622231 973200 406277 837348 928748 571465 590207 105823 913153 290109 72565 649871 748999 522314 966642 482213 0 577426 512591 196510 274558 880217 976307 142121 
870089 586933 347100 428106 544855 991923 303648 475069 279130 793652 462917 144089 497405 711638 947346 277597 740234 702741 356607 360058 410670 960463 39171 319384 905541 525421 667130 436051 250594 462964 929445 512899 891984 799241 914968 639874 491865 210755 200386 725045 96376 477208 577426 0 326275 715667 465181 39273 451107 577045 
323618 931072 552915 443603 330526 186909 502546 216824 273338 884291 265609 566862 505293 392329 596640 300553 253039 415802 473451 181999 326291 629557 134754 134762 989185 395382 255378 41105 137424 347651 50633 853679 554542 544734 250713 895692 259467 671959 135391 478134 364389 635781 512591 326275 0 226622 757921 327644 11248 16693 
60694 802870 159435 550468 496362 348815 318547 120664 888220 493531 242702 254082 535915 745854 112351 308136 912289 977545 345734 879952 721172 216901 256530 271389 424629 542838 773902 279832 397857 614086 907196 341413 320971 765550 641964 887279 123412 716905 684799 902357 546336 647804 196510 715667 226622 0 373298 818921 157152 599708 
526054 599485 462721 348711 162150 565206 615168 605508 210985 878919 747016 784593 72848 377022 401811 99305 601417 205603 597127 151974 457147 228033 425751 529807 374982 598626 361131 396618 418036 400155 762552 417359 660121 480758 782576 271199 909954 388295 950797 155051 555767 486225 274558 465181 757921 373298 0 406048 298920 420185 
291082 45005 224996 27306 250245 765234 543201 865394 689710 271600 83252 842373 342519 841692 139774 360013 90176 512399 189419 820975 145808 675691 440233 413646 193089 252104 121326 351693 199415 175104 361488 972476 242849 955786 554357 601326 404986 602155 508107 915299 781662 43612 880217 39273 327644 818921 406048 0 569772 291190 
659998 235027 216948 401110 612247 217341 945107 201714 378786 317363 766704 745733 455366 523017 679004 406527 346085 60711 87467 835388 397933 378338 677442 260871 484334 831138 149814 255237 103840 405938 299557 964674 748012 375446 76503 432359 210627 647941 768911 325025 835608 282391 976307 451107 11248 157152 298920 569772 0 870045 
458335 761449 526324 240529 476003 772210 152223 9643 968242 965695 444851 551774 579975 943054 276149 452270 325159 103455 412655 792067 726094 587568 411350 537204 794160 630838 371141 561873 696407 301828 357383 939493 238625 313639 583434 39021 615091 159767 575849 365670 103607 471676 142121 577045 16693 599708 420185 291190 870045 0 

0 539791 353148 244337 701639 1923 146261 16608 821286 469564 174822 127996 644941 896562 703932 871787 308616 653995 875213 210739 511794 641313 617911 655256 211386 105705 263190 494753 562429 283534 945209 730287 835756 654740 714995 402988 771027 580600 695847 866336 156088 504182 520720 129912 676383 420417 952619 708919 980733 541666 
539791 0 630286 882576 696071 523509 753721 455934 393322 710631 921229 730255 452137 954177 846697 849760 464529 842155 528878 827916 540134 628632 752755 32966 71590 485188 800807 486259 610731 551982 306658 497923 197057 554015 175842 695501 497383 476765 488032 415790 384383 345925 263335 75383 362529 197131 400516 494617 112782 985536 
353148 630286 0 445074 402883 375784 510649 542577 842197 64829 285278 901795 446518 664346 40605 541772 549550 850066 520312 979127 166490 8059 39446 777512 113747 385138 852741 498550 684609 879981 832117 757221 471511 904189 644066 481329 631162 538998 711190 839015 805621 908354 301447 539304 447086 581576 46452 775005 783053 473677 
244337 882576 445074 0 292253 447562 574860 428988 214473 478608 387487 437113 760893 713400 521407 224849 266827 459879 877422 341338 770939 157714 871584 662789 366101 917907 609450 949815 876567 725035 622875 415564 795233 286300 67705 444046 428579 968288 993339 580475 391502 508331 813469 571895 193243 449533 651290 856837 598891 759472 
701639 696071 402883 292253 0 536927 486595 894245 34151 433592 376646 222977 506809 933793 148441 462098 730833 953568 482758 214773 698656 540424 462524 721981 372389 642420 130629 408188 444535 659893 795168 806665 179702 208405 317356 842303 719680 449795 320793 756612 663001 269334 943819 455146 669475 503639 736371 749756 387754 523998 
1923 523509 375784 447562 536927 0 642531 800694 235485 121136 33826 776598 585291 25983 843350 966719 518010 477102 798415 315998 811440 617693 76864 410412 525001 413442 505437 469005 474182 789264 777605 963465 44299 362876 571466 468207 439821 844063 779945 860014 428919 482364 839289 486 42748 849092 434795 234767 782660 3314 
146261 753721 510649 574860 486595 642531 0 741759 92160 589243 683120 554671 236296 363704 369519 781358 598575 562494 789215 995100 511446 532945 307772 20385 368629 537443 889619 370152 160768 609259 7282 404299 222916 382017 977022 558068 243896 911815 867691 484162 589065 491402 321431 759014 497455 681454 384833 456800 306002 847778 
16608 455934 542577 428988 894245 800694 741759 0 196032 547269 959410 354801 584983 112404 815940 458617 340784 653312 359012 517160 491058 336199 403996 23209 683591 596188 503126 426816 851026 305680 697197 259295 334283 382451 626636 512045 831017 591541 86006 754624 527096 487895 384514 524932 964328 40876 394493 830873 798287 614555 
821286 393322 842197 214473 34151 235485 92160 196032 0 536159 805384 83835 878697 610356 295204 884177 810559 577737 233632 409994 286873 254674 487064 916295 860426 228915 983710 354788 484531 814845 491786 785326 107222 700107 412095 698207 520326 621437 466626 388318 254459 710402 685879 720871 386364 700058 609661 803209 621215 448492 
469564 710631 64829 478608 433592 121136 589243 547269 536159 0 951617 308057 276048 290241 715126 424953 821657 142068 459583 402948 724930 269912 712471 806757 367229 553008 531558 149328 997465 797527 33108 822398 60366 166107 413257 407111 112908 608209 529679 630091 167800 412533 244536 13958 487995 506470 121082 728401 157693 707761 
174822 921229 285278 387487 376646 33826 683120 959410 805384 951617 0 736182 122831 80035 702745 115539 550049 905407 273020 6946 531442 447448 619809 718948 434576 167569 530925 604668 254180 512741 579673 859288 218447 965664 549808 293035 379938 56046 589312 427928 738374 645072 461210 684148 426546 757299 252985 916749 233297 896397 
127996 730255 901795 437113 222977 776598 554671 354801 83835 308057 736182 0 768162 979968 966233 967048 244630 784071 311334 556476 89076 404288 591834 686370 897461 579969 851822 397193 91797 202938 260506 594240 677998 519210 216397 611090 733586 958841 850581 501753 882474 361255 507466 728801 433139 918895 472341 157628 892948 448227 
644941 452137 446518 760893 506809 585291 236296 584983 878697 276048 122831 768162 0 808709 166403 492952 366758 210224 804850 550147 503366 586014 242549 256328 335419 139128 915236 23334 767392 881800 999149 205191 357181 633087 648015 384752 74712 347942 944643 816865 58971 806880 381697 502596 550592 464086 927153 657482 544635 756189 
896562 954177 664346 713400 933793 25983 363704 112404 610356 290241 80035 979968 808709 0 101575 232672 335732 10826 261154 16643 874406 319409 235728 228673 169326 97589 464213 381559 711129 910109 411786 546101 926766 318339 540984 545405 543915 396555 560459 761251 691273 853048 448154 111705 612261 254147 755083 158309 476984 881254 
703932 846697 40605 521407 148441 843350 369519 815940 295204 715126 702745 966233 166403 101575 0 990348 436838 338507 667102 351646 903247 935601 117569 476548 103346 395373 22429 617577 971864 845669 853031 776249 461199 611827 714764 823576 431863 863495 343079 440584 491229 419635 888157 149409 403361 310490 183681 331524 754565 463147 
871787 849760 541772 224849 462098 966719 781358 458617 884177 424953 115539 967048 492952 232672 990348 0 886810 519619 571564 87424 173116 958728 488299 817799 941468 126291 560621 456181 450014 248300 525302 492225 255269 926314 520653 847639 727655 499295 303909 401095 393576 632052 357282 343525 886522 626104 900696 639988 108273 547731 
308616 464529 549550 266827 730833 518010 598575 340784 810559 821657 550049 244630 366758 335732 436838 886810 0 434060 440449 152459 577327 749772 896734 821434 126651 191691 696846 681164 40468 509307 242762 183177 218147 559690 390030 870475 373031 735358 8043 259245 355481 369969 739955 857336 282942 87712 710539 156212 653916 674842 
653995 842155 850066 459879 953568 477102 562494 653312 577737 142068 905407 784071 210224 10826 338507 519619 434060 0 317374 489282 352216 900570 257968 730459 763052 985724 474515 219248 980777 229096 431557 683495 692241 344958 181359 107510 252059 597884 550892 732471 267952 346199 481115 297260 584199 22456 109224 487602 996201 896546 
875213 528878 520312 877422 482758 798415 789215 359012 233632 459583 273020 311334 804850 261154 667102 571564 440449 317374 0 207328 13946 392987 630649 239143 792895 140210 433701 406382 789831 469327 769321 719199 354392 564301 275560 362250 723718 595708 219021 370565 569412 390459 814718 643394 74215 135223 402874 434574 488520 587346 
210739 827916 979127 341338 214773 315998 995100 517160 409994 402948 6946 556476 550147 16643 351646 87424 152459 489282 207328 0 579252 442124 597067 37637 897770 447337 611595 175256 309681 71062 979182 87627 413168 589516 214502 739085 415028 163359 392339 974190 41959 247164 432504 639943 818002 120049 848027 483362 164613 582330 
511794 540134 166490 770939 698656 811440 511446 491058 286873 724930 531442 89076 503366 874406 903247 173116 577327 352216 13946 579252 0 573044 867234 567541 835359 448484 541681 137509 536588 602937 226903 993076 413313 194562 484748 732299 486822 360809 323531 186177 568061 866601 651606 589331 579232 278829 542854 854193 695865 273907 
641313 628632 8059 157714 540424 617693 532945 336199 254674 269912 447448 404288 586014 319409 935601 958728 749772 900570 392987 442124 573044 0 334611 430264 227309 857282 534719 307406 942157 122491 198459 487441 309178 917130 172488 205691 344824 422809 112440 760946 248402 24895 601500 60804 868280 209039 986061 324310 621663 412433 
617911 752755 39446 871584 462524 76864 307772 403996 487064 712471 619809 591834 242549 235728 117569 488299 896734 257968 630649 597067 867234 334611 0 999914 88487 413720 41454 474704 899683 335576 353879 832900 639070 566703 819086 902672 28573 526272 662248 904280 512314 421121 537809 960830 865247 594930 574250 491371 322559 588651 
655256 32966 777512 662789 721981 410412 20385 23209 916295 806757 718948 686370 256328 228673 476548 817799 821434 730459 239143 37637 567541 430264 999914 0 794831 70555 24823 246264 317871 284787 112953 377280 354197 980819 651252 23570 309966 301937 143778 493599 210724 991451 203990 352876 865239 728612 470194 71737 5022 260238 
211386 71590 113747 366101 372389 525001 368629 683591 860426 367229 434576 897461 335419 169326 103346 941468 126651 763052 792895 897770 835359 227309 88487 794831 0 753605 380685 847780 434299 475031 318674 706621 648424 236514 627864 881072 561241 60500 780594 444821 103509 758568 691087 94460 10816 575372 625019 133051 515667 205841 
105705 485188 385138 917907 642420 413442 537443 596188 228915 553008 167569 579969 139128 97589 395373 126291 191691 985724 140210 447337 448484 857282 413720 70555 753605 0 807956 561635 831042 83114 289727 461685 595550 483604 956698 962668 598289 868643 378273 545395 854489 116342 451689 474580 604619 457163 401375 378626 280913 369163 
263190 800807 852741 609450 130629 505437 889619 503126 983710 531558 530925 851822 915236 464213 22429 560621 696846 474515 433701 611595 541681 534719 41454 24823 380685 807956 0 672886 401351 58478 451115 100561 299921 359844 199678 102776 436474 104911 378850 807370 120082 847717 590646 550462 744623 129467 638870 196462 697033 628860 
494753 486259 498550 949815 408188 469005 370152 426816 354788 149328 604668 397193 23334 381559 617577 456181 681164 219248 406382 175256 137509 307406 474704 246264 847780 561635 672886 0 951101 671118 786447 502779 494301 532398 375128 58338 664700 585019 198155 800933 581897 345477 917811 865483 522190 720169 41744 648308 157705 438128 
562429 610731 684609 876567 444535 474182 160768 851026 484531 997465 254180 91797 767392 711129 971864 450014 40468 980777 789831 309681 536588 942157 899683 317871 434299 831042 401351 951101 0 387410 503554 875276 287404 408946 836376 29847 526416 379975 997780 178904 566999 883705 817062 505936 862577 790523 581965 525097 415779 303594 
283534 551982 879981 725035 659893 789264 609259 305680 814845 797527 512741 202938 881800 910109 845669 248300 509307 229096 469327 71062 602937 122491 335576 284787 475031 83114 58478 671118 387410 0 783173 32272 229310 445598 530292 313283 230772 907870 526320 57422 294819 833176 162653 537037 652350 385915 599846 797210 594063 748653 
945209 306658 832117 622875 795168 777605 7282 697197 491786 33108 579673 260506 999149 411786 853031 525302 242762 431557 769321 979182 226903 198459 353879 112953 318674 289727 451115 786447 503554 783173 0 363407 144211 749653 186304 659170 544023 221857 503428 928230 761824 182065 255501 70556 986011 92805 65994 638513 700444 756596 
730287 497923 757221 415564 806665 963465 404299 259295 785326 822398 859288 594240 205191 546101 776249 492225 183177 683495 719199 87627 993076 487441 832900 377280 706621 461685 100561 502779 875276 32272 363407 0 575389 440135 705113 916149 246672 281197 456948 422795 167728 327305 428536 527846 156904 230025 582642 27525 35327 74946 
835756 197057 471511 795233 179702 44299 222916 334283 107222 60366 218447 677998 357181 926766 461199 255269 218147 692241 354392 413168 413313 309178 639070 354197 648424 595550 299921 494301 287404 229310 144211 575389 0 238552 735009 463445 102593 845292 867391 881867 480021 122544 409794 108017 66070 543007 65557 660949 251989 761376 
654740 554015 904189 286300 208405 362876 382017 382451 700107 166107 965664 519210 633087 318339 611827 926314 559690 344958 564301 589516 194562 917130 566703 980819 236514 483604 359844 532398 408946 445598 749653 440135 238552 0 349204 137813 986437 469046 420682 672515 561661 219694 894178 200760 455267 950928 519243 574019 624555 686362 
714995 175842 644066 67705 317356 571466 977022 626636 412095 413257 549808 216397 648015 540984 714764 520653 390030 181359 275560 214502 484748 172488 819086 651252 627864 956698 199678 375128 836376 530292 186304 705113 735009 349204 0 58507 520177 249455 256083 486656 452342 857873 94775 521792 749288 358037 217425 350639 923498 416567 
402988 695501 481329 444046 842303 468207 558068 512045 698207 407111 293035 611090 384752 545405 823576 847639 870475 107510 362250 739085 732299 205691 902672 23570 881072 962668 102776 58338 29847 313283 659170 916149 463445 137813 58507 0 243157 639484 8510 566116 331524 551084 709892 417071 104309 131286 728802 398675 567642 699350 
771027 497383 631162 428579 719680 439821 243896 831017 520326 112908 379938 733586 74712 543915 431863 727655 373031 252059 723718 415028 486822 344824 28573 309966 561241 598289 436474 664700 526416 230772 544023 246672 102593 986437 520177 243157 0 294415 458423 418339 825807 853765 927436 508136 740534 702324 976980 595015 789374 384910 
580600 476765 538998 968288 449795 844063 911815 591541 621437 608209 56046 958841 347942 396555 863495 499295 735358 597884 595708 163359 360809 422809 526272 301937 60500 868643 104911 585019 379975 907870 221857 281197 845292 469046 249455 639484 294415 0 323225 560012 543611 558526 224736 789246 328042 283096 611706 397846 352060 840234 
695847 488032 711190 993339 320793 779945 867691 86006 466626 529679 589312 850581 944643 560459 343079 303909 8043 550892 219021 392339 323531 112440 662248 143778 780594 378273 378850 198155 997780 526320 503428 456948 867391 420682 256083 8510 458423 323225 0 482576 243636 322072 122578 799615 864610 315202 49204 210300 231090 424152 
866336 415790 839015 580475 756612 860014 484162 754624 388318 630091 427928 501753 816865 761251 440584 401095 259245 732471 370565 974190 186177 760946 904280 493599 444821 545395 807370 800933 178904 57422 928230 422795 881867 672515 486656 566116 418339 560012 482576 0 306869 527637 477687 597311 689499 97644 745287 999841 674976 622359 
156088 384383 805621 391502 663001 428919 589065 527096 254459 167800 738374 882474 58971 691273 491229 393576 355481 267952 569412 41959 568061 248402 512314 210724 103509 854489 120082 581897 566999 294819 761824 167728 480021 561661 452342 331524 825807 543611 243636 306869 0 105608 683374 545190 635612 945460 444234 218339 700163 896394 
504182 345925 908354 508331 269334 482364 491402 487895 710402 412533 645072 361255 806880 853048 419635 632052 369969 346199 390459 247164 866601 24895 421121 991451 758568 116342 847717 345477 883705 833176 182065 327305 122544 219694 857873 551084 853765 558526 322072 527637 105608 0 617603 522793 364220 335004 513776 956389 533005 528325 
520720 263335 301447 813469 943819 839289 321431 384514 685879 244536 461210 507466 381697 448154 888157 357282 739955 481115 814718 432504 651606 601500 537809 203990 691087 451689 590646 917811 817062 162653 255501 428536 409794 894178 94775 709892 927436 224736 122578 477687 683374 617603 0 144833 487410 63411 851465 254133 601414 857880 
129912 75383 539304 571895 455146 486 759014 524932 720871 13958 684148 728801 502596 111705 149409 343525 857336 297260 643394 639943 589331 60804 960830 352876 94460 474580 550462 865483 505936 537037 70556 527846 108017 200760 521792 417071 508136 789246 799615 597311 545190 522793 144833 0 5286 668553 282087 461840 792281 422956 
676383 362529 447086 193243 669475 42748 497455 964328 386364 487995 426546 433139 550592 612261 403361 886522 282942 584199 74215 818002 579232 868280 865247 865239 10816 604619 744623 522190 862577 652350 986011 156904 66070 455267 749288 104309 740534 328042 864610 689499 635612 364220 487410 5286 0 919444 423553 672357 126664 571815 
420417 197131 581576 449533 503639 849092 681454 40876 700058 506470 757299 918895 464086 254147 310490 626104 87712 22456 135223 120049 278829 209039 594930 728612 575372 457163 129467 720169 790523 385915 92805 230025 543007 950928 358037 131286 702324 283096 315202 97644 945460 335004 63411 668553 919444 0 244059 181080 297346 874643 
952619 400516 46452 651290 736371 434795 384833 394493 609661 121082 252985 472341 927153 755083 183681 900696 710539 109224 402874 848027 542854 986061 574250 470194 625019 401375 638870 41744 581965 599846 65994 582642 65557 519243 217425 728802 976980 611706 49204 745287 444234 513776 851465 282087 423553 244059 0 593953 701081 31464 
708919 494617 775005 856837 749756 234767 456800 830873 803209 728401 916749 157628 657482 158309 331524 639988 156212 487602 434574 483362 854193 324310 491371 71737 133051 378626 196462 648308 525097 797210 638513 27525 660949 574019 350639 398675 595015 397846 210300 999841 218339 956389 254133 461840 672357 181080 593953 0 430229 124122 
980733 112782 783053 598891 387754 782660 306002 798287 621215 157693 233297 892948 544635 476984 754565 108273 653916 996201 488520 164613 695865 621663 322559 5022 515667 280913 697033 157705 415779 594063 700444 35327 251989 624555 923498 567642 789374 352060 231090 674976 700163 533005 601414 792281 126664 297346 701081 430229 0 910958 
541666 985536 473677 759472 523998 3314 847778 614555 448492 707761 896397 448227 756189 881254 463147 547731 674842 896546 587346 582330 273907 412433 588651 260238 205841 369163 628860 438128 303594 748653 756596 74946 761376 686362 416567 699350 384910 840234 424152 622359 896394 528325 857880 422956 571815 874643 31464 124122 910958 0 
