0 20 24 33 33 43 56 63 61 71 79 86 94 102 93 100 116 124 132 140 148 141 126 118 134 149 157 165 172 184 184 185 199 208 224 225 233 232 232 232 232 233 234 250 249 248 248 248 248 249 257 256 256 256 256 257 258 259 251 235 236 245 253 261 263 271 277 275 283 285 286 288 290 292 295 287 297 300 284 278 275 272 269 267 265 257 259 262 267 266 269 273 284 292 299 302 295 288 280 271 267 263 259 256 249 241 238 253 259 250 247 255 252 244 242 249 240 238 191 189 187 186 185 184 184 172 164 156 156 148 141 133 125 118 120 123 126 129 132 126 130 134 139 144 151 146 141 137 141 154 176 173 169 166 167 171 194 196 199 202 209 213 218 222 226 241 251 257 258 249 242 242 234 224 206 182 179 170 170 179 186 190 194 199 203 202 208 219 213 207 198 188 181 173 167 161 167 161 156 150 156 147 136 125 113 102 100 94 89 95 102 107 113 109 116 120 127 123 131 134 141 138 133 123 115 108 100 92 85 77 73 81 89 97 96 88 80 72 64 56 48 40 41 49 57 65 56 49 60 63 70 82 88 82 76 71 77 72 68 65 72 82 93 104 115 122 118 115 113 111 92 84 76 68 60 52 43 43 34 18 1865 2026 1927 2018 2044 1857 2038 1980 2026 2168 
20 0 18 34 43 50 66 72 68 79 86 93 100 108 97 101 117 125 133 141 149 146 130 123 138 153 161 169 175 186 187 188 201 210 226 227 235 234 233 233 232 232 232 248 248 248 249 249 250 251 259 258 257 256 256 256 256 256 249 233 233 242 250 258 259 267 274 273 281 282 283 284 286 287 289 281 291 294 277 271 268 266 264 262 260 252 254 257 260 259 261 264 276 284 291 294 287 279 271 261 258 254 251 248 241 233 230 245 252 243 241 249 246 239 237 244 235 234 187 186 185 184 184 184 185 173 165 157 156 148 140 132 124 116 117 118 119 121 124 117 120 124 128 132 139 134 131 127 133 147 170 168 165 164 164 166 188 190 192 195 201 204 208 211 215 230 240 247 249 240 233 233 226 215 198 175 172 163 161 170 178 181 184 188 192 190 196 206 200 194 184 174 168 158 153 147 153 148 143 137 142 133 122 111 99 88 85 79 74 79 86 91 97 92 99 103 110 106 113 117 124 120 114 104 96 89 81 74 66 59 53 61 69 77 76 68 60 52 44 36 28 20 22 30 38 46 38 34 46 46 52 68 74 70 63 59 66 63 61 60 68 77 86 96 106 114 112 110 109 108 93 86 78 70 62 54 44 36 28 9 2115 1994 1835 2053 2068 1936 1716 1993 1752 1817 
24 18 0 16 28 34 50 55 50 62 68 75 82 90 79 83 99 107 115 123 131 127 112 104 120 135 143 150 157 167 168 170 183 192 207 208 217 216 215 214 214 214 214 230 230 230 230 231 232 233 241 240 239 238 238 238 238 239 231 215 216 225 232 241 242 250 257 255 263 264 266 267 269 271 273 265 275 278 261 255 252 250 248 245 244 235 238 240 244 243 246 250 261 269 276 279 272 265 257 247 243 240 236 233 226 218 215 230 237 227 225 233 230 222 220 228 218 217 170 168 167 166 166 166 166 154 146 139 138 130 122 114 106 98 99 101 103 106 109 102 106 110 115 120 127 122 117 113 118 131 154 151 148 146 147 149 172 174 177 179 186 190 194 198 203 217 227 234 234 226 219 219 211 200 183 159 156 147 147 156 163 166 170 175 179 178 184 195 189 183 174 164 157 149 144 138 143 137 132 126 132 123 112 101 89 78 77 70 66 72 80 83 90 87 94 98 105 102 109 112 120 117 113 104 97 89 81 73 65 57 56 64 72 80 81 73 66 58 50 42 35 30 26 33 40 48 36 26 37 41 49 59 64 58 52 47 53 48 45 43 51 60 70 81 91 98 96 93 91 90 75 67 59 51 44 36 25 20 11 10 1694 2165 2130 1866 2135 1784 1853 2105 1812 2046 
33 34 16 0 16 19 34 40 34 46 52 59 66 74 63 68 84 92 100 108 116 112 96 89 104 119 127 135 141 152 153 155 168 177 193 193 202 201 200 200 200 200 201 217 216 216 216 216 217 218 226 225 224 224 224 224 225 226 218 202 203 212 220 228 230 238 244 242 250 252 253 255 257 259 262 254 265 267 251 245 242 239 237 234 232 224 226 230 234 234 237 241 252 259 267 270 263 256 249 240 235 231 227 224 216 209 206 220 227 217 214 222 219 211 209 216 207 205 158 156 155 153 152 152 152 140 132 124 124 116 108 100 92 86 87 90 93 97 101 94 99 105 110 116 122 116 111 106 110 122 143 140 136 133 134 138 161 163 167 170 178 182 186 191 196 211 220 226 226 218 211 211 202 192 174 150 147 138 139 148 154 159 163 168 173 173 178 190 184 178 171 162 153 146 142 135 140 134 128 122 129 121 110 99 88 77 77 70 67 75 82 85 92 90 98 100 108 106 114 115 123 122 120 112 104 96 88 80 72 64 67 75 82 90 92 85 77 70 63 56 49 45 40 45 52 59 46 32 40 48 56 59 63 56 52 45 49 43 37 32 39 50 61 72 83 90 86 82 80 78 60 52 44 36 28 20 10 16 13 25 1695 2138 1927 2062 1755 1849 1777 1871 1670 1805 
33 43 28 16 0 10 23 30 28 38 46 53 61 69 60 69 85 93 101 109 117 109 93 85 101 117 125 133 140 152 152 152 166 176 192 192 200 200 200 200 201 202 203 219 218 217 216 216 216 216 224 224 224 224 225 226 227 228 220 205 207 216 224 232 234 242 247 245 253 255 257 259 262 265 267 260 270 274 258 252 249 245 242 239 237 228 232 236 241 241 245 249 260 267 274 278 271 264 257 249 244 240 235 231 224 218 213 227 233 224 220 228 224 217 214 221 211 209 163 161 158 156 155 153 152 141 133 125 126 118 110 102 94 90 93 97 101 106 111 105 110 116 122 129 134 128 122 116 119 130 150 147 140 136 138 143 167 170 174 178 186 191 196 201 207 221 230 236 235 226 220 220 211 200 182 159 154 145 148 157 163 168 173 178 184 184 190 201 196 191 183 175 166 160 156 149 153 146 140 135 142 134 124 113 102 91 92 85 82 90 98 100 108 106 114 115 123 122 130 131 139 137 136 128 120 112 104 96 88 80 82 90 98 106 108 100 92 85 77 70 63 58 54 59 67 75 61 48 56 64 72 75 77 70 67 59 63 56 49 43 48 59 71 82 93 99 94 90 86 82 61 53 46 38 30 23 19 32 28 34 1984 2189 2060 1897 1915 1746 1830 1935 2161 1746 
43 50 34 19 10 0 16 22 18 29 36 44 51 59 50 59 75 83 91 99 107 99 83 75 91 107 115 123 130 142 142 143 156 166 182 182 190 190 190 190 191 192 193 209 208 207 206 206 206 206 214 214 214 214 215 216 217 218 211 195 197 206 214 222 225 232 238 235 243 245 248 250 252 255 258 251 261 265 249 243 240 236 233 230 227 219 222 226 232 232 236 240 251 258 265 269 262 256 249 241 236 231 227 223 216 209 205 219 225 215 211 219 215 208 205 211 202 199 154 151 149 146 145 143 143 131 123 115 116 108 100 92 84 81 84 88 93 98 103 98 104 110 116 123 128 121 115 109 112 122 142 138 131 126 128 134 157 161 165 169 178 183 189 194 199 214 222 228 227 218 212 212 203 191 174 150 146 137 140 149 155 160 166 171 177 177 183 194 189 184 178 170 160 155 151 144 148 141 134 130 137 130 119 108 98 88 90 82 81 89 97 98 106 104 112 113 121 120 128 129 137 136 136 129 121 113 105 97 89 81 85 93 101 108 111 103 96 89 81 74 68 64 59 64 71 78 64 50 56 66 73 73 74 66 65 57 59 51 44 37 41 52 64 75 86 92 87 82 77 73 51 44 36 29 22 16 16 33 31 42 1697 2020 2036 1732 2020 1988 2177 1840 1748 1998 
56 66 50 34 23 16 0 8 11 16 24 32 40 48 41 54 68 76 84 91 99 88 72 64 80 96 104 112 120 133 132 132 146 156 172 172 180 180 181 182 183 184 186 202 200 199 197 197 196 196 204 204 205 205 206 208 210 212 204 189 191 201 208 216 219 227 231 228 236 239 242 244 247 251 254 247 258 261 246 241 237 233 229 225 222 214 218 223 229 230 234 239 250 256 263 267 261 254 249 241 236 231 226 221 214 208 203 216 222 212 208 216 211 204 200 207 197 194 150 147 143 140 138 136 134 122 115 107 109 101 94 86 79 78 82 88 93 99 106 101 108 115 122 129 132 126 119 112 114 122 140 135 127 120 123 131 154 159 163 168 178 184 190 195 201 215 223 229 227 218 212 212 202 191 173 150 145 136 142 150 156 161 167 173 179 181 186 198 193 189 183 176 165 161 158 151 154 147 140 136 143 137 126 116 107 97 100 92 92 100 108 108 116 116 124 124 132 132 140 140 148 148 149 142 134 126 118 111 103 95 100 108 115 123 126 118 111 104 97 90 83 79 74 79 86 93 79 65 70 80 87 84 84 76 76 68 68 61 53 45 47 57 68 79 90 94 88 82 76 71 47 40 34 29 25 24 30 47 47 57 2005 1903 1723 1959 2178 1874 2027 2065 1886 2045 
63 72 55 40 30 22 8 0 8 8 16 24 32 40 33 47 61 68 76 84 91 80 64 56 72 88 96 104 112 125 124 124 138 148 164 164 172 172 173 174 175 177 179 194 192 191 190 189 188 188 196 196 197 197 199 200 202 204 196 181 184 193 201 209 212 219 224 220 228 231 234 237 240 243 247 240 251 255 239 234 230 226 222 218 215 207 211 216 222 223 228 232 243 250 256 261 254 248 243 235 230 224 219 214 208 202 197 210 215 205 201 209 204 197 193 199 190 186 143 140 136 133 130 128 126 115 107 99 101 94 86 79 72 71 76 82 88 94 101 97 104 111 118 126 129 122 115 108 109 116 134 129 120 113 116 124 148 152 157 162 173 178 184 190 196 210 218 223 221 212 206 206 196 184 167 144 139 130 136 144 150 156 162 168 174 176 181 193 189 185 179 173 161 158 156 148 151 143 136 133 140 134 124 115 105 96 100 92 92 100 108 108 116 116 124 124 132 132 140 140 148 148 150 144 136 128 120 113 105 97 104 111 118 126 129 122 115 108 101 94 88 85 79 83 90 97 82 68 72 82 90 84 84 76 76 68 68 60 52 44 45 54 65 75 86 90 83 77 71 65 40 34 29 25 24 25 33 50 51 63 1885 1891 2077 1893 1743 1821 2090 1887 1806 2101 
61 68 50 34 28 18 11 8 0 11 18 25 33 41 32 43 58 66 74 82 89 80 64 57 72 88 96 104 112 124 124 124 138 148 164 164 172 172 172 173 174 175 177 192 191 190 189 188 188 188 196 196 196 197 197 199 200 202 194 179 181 190 198 206 209 216 221 218 226 229 231 234 237 240 243 236 247 251 235 230 226 222 218 215 212 204 208 212 218 219 223 228 239 245 252 256 250 243 237 230 224 219 214 210 203 197 192 205 211 201 197 205 200 193 190 196 186 184 140 136 133 130 128 126 125 113 105 97 99 91 84 76 68 67 71 76 82 88 94 90 97 104 111 118 122 115 108 101 102 110 129 124 116 110 113 120 143 148 152 157 167 173 178 184 190 204 212 218 216 207 201 201 191 179 162 139 134 125 130 139 144 150 156 162 168 170 174 186 182 178 172 166 154 151 148 140 143 136 129 126 133 126 116 107 97 88 92 84 84 92 100 100 108 108 116 116 124 124 132 132 140 140 142 136 128 120 113 105 97 90 97 104 111 118 122 115 108 101 94 88 82 79 74 77 83 90 75 61 65 75 82 76 76 68 68 61 60 52 44 36 37 47 57 68 79 83 77 71 65 60 36 29 23 18 16 18 27 43 45 59 2004 2129 1718 1747 1947 1960 2158 1863 1945 1998 
71 79 62 46 38 29 16 8 11 0 8 16 24 32 25 40 54 61 68 76 84 72 56 48 64 80 88 96 104 117 116 116 130 141 156 156 164 164 165 166 167 169 171 186 184 183 182 181 180 180 188 188 189 190 191 192 194 196 189 173 176 186 193 201 204 212 216 213 220 224 227 230 233 236 240 233 244 248 232 227 223 219 215 211 208 199 204 209 215 216 221 226 237 243 250 254 248 242 237 229 224 218 213 208 202 196 191 203 209 199 194 202 197 190 186 192 182 179 137 132 129 126 123 120 118 107 99 91 94 86 79 72 64 65 71 77 83 90 97 93 100 108 115 123 126 118 111 104 104 111 128 122 113 106 109 118 141 146 151 156 167 173 179 185 191 205 213 218 215 206 201 201 190 178 161 139 133 124 131 139 144 151 157 163 170 172 176 189 185 181 175 170 158 156 153 146 148 140 133 130 138 132 122 113 104 96 100 92 93 101 109 108 116 117 125 124 132 133 141 140 148 149 151 146 138 130 123 115 108 100 108 115 122 129 132 126 119 112 106 99 93 91 85 88 94 101 87 72 75 86 93 86 84 76 78 70 68 61 53 45 44 53 62 72 82 86 79 72 66 59 34 29 25 24 25 29 38 54 57 70 2056 1873 2129 2033 1923 1793 2090 2192 2076 1857 
79 86 68 52 46 36 24 16 18 8 0 8 16 24 18 34 47 54 61 68 76 64 48 40 56 72 80 88 96 109 108 108 122 133 148 148 156 156 157 158 159 161 163 179 177 175 174 173 172 172 180 180 181 182 183 184 186 189 181 166 169 178 186 194 197 204 209 205 213 216 219 222 225 229 233 226 237 241 225 221 216 212 208 204 200 192 197 202 209 210 215 220 231 237 243 248 242 236 231 223 218 212 207 202 196 190 184 197 202 192 187 195 190 183 179 185 175 172 130 126 122 118 115 113 111 99 91 84 86 79 72 64 58 59 66 72 79 86 93 90 97 105 113 120 123 115 108 100 100 106 122 116 107 98 102 111 134 139 144 150 161 167 174 180 186 200 207 213 209 201 195 195 184 173 156 133 127 119 126 134 139 146 152 159 165 168 172 185 181 177 172 168 155 153 151 144 146 138 130 128 136 130 121 112 104 96 101 93 95 103 111 109 117 118 126 125 133 134 142 141 149 150 153 148 140 133 126 118 111 104 112 119 126 132 137 130 123 117 111 105 99 97 91 93 99 106 91 77 79 90 97 87 86 78 80 72 70 62 54 47 45 52 61 70 80 82 75 68 61 54 29 25 24 25 29 34 44 59 62 77 1878 1744 2150 1786 2148 1998 1937 1720 1828 2074 
86 93 75 59 53 44 32 24 25 16 8 0 8 16 11 29 40 47 54 61 68 56 40 32 48 64 72 80 88 101 100 100 114 125 141 140 148 148 149 150 151 153 156 171 169 167 166 165 164 164 172 172 173 174 175 177 179 181 173 158 161 171 178 186 190 197 201 197 205 209 212 215 218 222 226 219 230 234 219 214 210 205 201 197 193 185 190 195 202 204 209 214 224 231 237 242 236 230 225 218 212 206 201 196 190 184 178 191 196 186 181 189 183 176 172 178 168 165 123 119 115 111 108 105 103 91 84 76 79 72 64 58 51 54 61 68 75 82 90 87 95 103 111 118 120 113 105 97 97 101 116 110 100 91 95 105 128 133 139 144 156 162 169 175 182 195 202 207 204 195 190 190 178 167 150 128 122 114 122 130 134 141 148 154 161 165 168 181 177 174 170 165 152 151 150 142 144 136 128 126 134 129 120 112 104 97 103 95 97 105 113 111 118 120 128 126 134 136 144 142 150 151 156 151 143 136 129 122 115 108 117 123 130 137 141 134 128 122 116 110 105 103 97 99 105 111 96 82 83 94 101 90 87 80 82 75 72 65 57 50 47 53 60 68 78 80 72 65 57 50 25 24 25 29 34 40 50 65 69 84 2057 1785 2191 1861 2196 1905 1901 1991 2140 1881 
94 100 82 66 61 51 40 32 33 24 16 8 0 8 8 25 34 40 47 54 61 48 32 24 40 56 64 72 80 93 92 92 106 117 133 132 140 140 141 142 144 146 148 163 161 159 158 157 156 156 164 164 165 166 167 169 171 173 166 151 154 164 171 179 182 190 194 190 197 201 204 208 211 215 219 212 223 227 212 208 203 199 194 190 186 178 183 189 196 197 203 208 218 224 231 236 230 224 219 213 207 201 195 190 184 178 173 184 189 179 174 182 176 170 165 171 161 157 117 112 108 104 100 97 95 84 76 68 72 64 58 51 45 50 57 65 72 80 87 86 93 101 109 117 118 111 103 95 94 97 111 105 94 84 89 99 122 127 133 139 151 158 164 171 178 191 198 202 198 190 185 185 173 161 145 123 117 109 118 126 130 137 143 150 157 161 165 177 174 171 167 164 149 150 149 141 142 134 126 125 133 128 120 112 105 99 105 97 100 108 115 113 120 123 130 128 136 138 146 144 151 153 158 154 147 140 132 126 119 112 122 128 134 141 146 139 133 127 122 116 111 110 103 105 110 116 102 88 88 99 106 93 90 82 86 79 75 68 61 54 50 54 61 68 76 78 70 62 54 47 24 25 29 34 40 47 57 71 75 91 2120 1854 2155 2189 2186 90 1716 2020 1856 1743 
102 108 90 74 69 59 48 40 41 32 24 16 8 0 11 24 29 34 40 47 54 40 24 16 32 48 56 64 72 86 84 84 98 109 125 124 132 132 133 134 136 138 140 156 153 151 150 149 148 148 156 156 157 158 159 161 163 166 158 143 147 157 164 172 175 182 186 182 190 194 197 200 204 208 212 205 216 221 206 202 197 192 187 183 179 171 176 182 189 191 197 202 212 218 224 230 224 218 214 207 201 195 190 184 178 173 167 178 183 173 168 176 170 163 159 164 154 150 111 106 101 97 93 90 87 76 68 61 64 58 51 45 40 47 54 62 70 78 86 84 92 100 108 116 117 109 101 93 91 93 106 99 88 78 82 93 116 122 128 134 146 153 160 167 174 187 193 198 193 185 180 180 167 156 140 119 112 104 115 122 126 132 140 147 154 158 161 174 171 168 165 162 148 149 148 140 141 133 125 124 132 128 120 113 107 101 108 100 104 111 118 115 123 126 133 130 138 140 148 146 153 156 161 157 150 143 137 130 123 117 127 133 139 146 151 144 139 133 128 122 118 117 110 111 116 122 108 94 93 105 111 97 93 86 90 83 79 72 66 59 54 57 62 68 76 76 68 61 53 45 25 29 34 40 47 54 64 78 82 99 1804 1943 1664 1718 1939 1718 2077 1908 1698 2073 
93 97 79 63 60 50 41 33 32 25 18 11 8 11 0 18 29 36 43 51 58 49 33 25 41 57 64 72 80 92 92 92 106 116 132 132 140 140 140 141 142 144 146 161 159 158 157 156 156 156 164 164 164 165 166 167 169 171 163 148 151 160 168 176 179 186 191 187 195 199 201 204 208 211 215 208 219 223 207 203 199 194 190 186 182 174 179 184 191 192 197 203 213 219 226 231 224 218 214 207 201 195 190 184 178 173 167 179 184 174 170 178 172 165 161 167 157 154 112 108 104 100 97 95 93 82 74 66 68 61 54 47 40 43 50 57 65 72 80 78 86 93 101 109 111 103 95 87 86 90 105 99 89 80 84 94 117 122 127 133 145 151 158 164 171 184 191 196 192 184 179 179 167 156 139 117 111 102 111 119 123 130 137 143 150 154 157 170 167 163 159 156 142 142 141 133 134 126 118 117 125 120 112 104 97 91 97 90 93 100 108 105 113 115 123 120 128 130 138 136 144 146 151 147 140 132 126 119 112 106 116 122 128 134 139 133 127 122 116 111 107 106 99 100 105 110 96 82 82 93 99 86 82 75 79 72 68 61 54 48 43 47 53 60 68 70 62 54 47 39 16 18 23 29 36 43 54 67 72 89 2052 1764 2146 2121 88 2127 1724 2065 1819 1701 
100 101 83 68 69 59 54 47 43 40 34 29 25 24 18 0 16 24 32 40 48 47 34 29 40 54 61 68 74 84 86 87 100 109 125 126 134 133 132 132 132 133 134 150 149 148 148 148 149 150 158 157 156 156 156 157 158 159 151 136 138 147 155 163 166 173 179 176 184 186 189 191 194 197 200 193 204 208 192 187 183 179 175 172 169 160 165 169 175 176 181 186 197 203 210 214 208 202 197 190 184 178 173 168 162 156 151 163 169 159 154 162 157 150 147 153 143 140 97 93 90 87 86 84 84 72 64 56 57 49 41 33 25 26 32 39 47 54 62 61 68 76 84 92 93 86 78 70 68 72 88 82 73 67 70 78 101 106 111 116 128 134 140 146 153 166 174 179 175 167 161 161 150 139 122 99 93 85 93 101 106 112 119 126 132 136 140 152 149 146 142 138 124 125 124 116 117 109 101 100 108 104 96 89 84 79 86 79 83 90 97 93 100 104 111 108 115 118 126 123 130 133 140 137 130 123 117 111 105 99 111 116 122 127 133 128 122 118 113 109 106 106 99 98 102 107 93 80 78 89 94 77 72 66 71 65 59 54 49 45 38 37 39 45 52 53 45 37 29 22 8 16 24 32 40 48 58 67 74 93 2141 2164 1759 1809 2063 1853 1994 2024 2169 1772 
116 117 99 84 85 75 68 61 58 54 47 40 34 29 29 16 0 8 16 24 32 34 25 24 29 40 47 54 58 68 70 72 84 93 109 110 118 117 116 116 116 117 118 134 133 132 132 132 133 134 142 141 140 140 140 141 142 144 136 120 123 132 140 148 151 158 163 160 168 171 173 176 179 182 186 179 190 194 179 174 170 165 161 157 154 146 150 155 162 164 169 174 184 191 197 202 196 190 185 179 173 167 161 156 150 144 139 151 156 146 141 149 143 137 132 139 129 126 83 79 75 72 70 68 68 56 48 40 41 33 25 18 11 20 28 36 44 52 60 61 68 76 84 92 92 84 76 68 64 65 77 71 60 52 56 65 88 93 99 105 118 124 131 138 145 158 164 169 164 156 151 151 139 128 111 90 83 75 86 93 97 104 111 118 126 130 133 146 143 141 138 136 121 124 124 116 116 108 100 100 108 105 99 94 89 87 94 88 93 99 106 101 108 112 119 115 122 126 132 129 136 140 148 146 139 133 127 122 116 111 124 129 134 139 145 140 135 131 127 123 120 121 114 113 116 120 107 95 91 102 107 88 82 76 82 78 71 67 63 59 52 49 48 50 54 53 45 37 29 22 24 32 40 48 56 64 74 82 89 109 1878 2083 1856 1702 1718 1943 2172 1928 1859 2032 
124 125 107 92 93 83 76 68 66 61 54 47 40 34 36 24 8 0 8 16 24 29 24 25 25 34 40 47 51 61 62 65 77 85 101 102 111 109 108 108 108 109 111 126 125 124 124 124 125 126 134 133 132 132 132 133 134 136 128 113 115 125 132 140 143 151 156 152 160 163 166 169 172 175 179 172 183 187 172 168 163 159 154 150 147 139 143 149 156 157 163 168 178 184 191 196 190 184 180 174 167 161 156 150 144 139 133 144 149 139 134 142 137 130 126 132 122 118 77 72 68 65 62 61 60 48 40 32 33 25 18 11 8 22 29 37 45 53 61 62 70 78 86 93 92 84 76 68 64 62 72 66 54 45 49 59 82 88 94 100 113 120 127 134 141 154 160 164 159 151 146 146 134 122 107 86 79 72 84 90 93 100 108 115 123 128 130 143 141 139 137 136 120 124 125 117 116 108 100 101 109 107 101 97 93 91 99 93 99 105 111 106 112 117 123 119 126 130 137 132 140 143 152 151 144 139 133 128 122 118 131 135 140 145 151 146 142 138 134 131 128 129 121 120 123 127 115 103 98 109 113 94 88 82 89 84 78 73 70 67 59 56 54 54 57 54 47 39 32 26 32 40 48 56 64 72 82 90 97 117 1743 1659 1722 1994 1759 1832 1739 1736 2096 2096 
132 133 115 100 101 91 84 76 74 68 61 54 47 40 43 32 16 8 0 8 16 25 25 29 24 29 34 40 43 53 54 57 69 77 93 94 103 101 100 100 100 101 103 118 117 116 116 116 117 118 126 125 124 124 124 125 126 128 120 105 108 117 125 133 136 143 148 145 152 156 158 161 165 168 172 165 176 181 166 162 157 152 148 143 140 132 137 142 149 151 157 163 173 178 184 190 184 178 175 169 162 156 150 144 139 134 128 139 143 133 128 136 130 123 119 125 115 111 71 66 61 57 54 53 52 40 32 24 25 18 11 8 11 26 32 39 47 54 62 65 72 80 87 95 93 86 78 70 64 61 68 61 48 38 43 54 76 82 89 95 109 116 123 131 138 150 156 160 154 146 142 142 129 118 102 82 75 68 82 87 90 97 105 113 120 126 128 141 139 137 136 136 120 125 126 118 117 109 101 103 111 109 104 100 98 96 105 99 105 110 116 111 117 122 128 123 130 134 141 137 143 148 157 156 150 144 139 134 129 124 138 142 146 151 158 153 149 145 141 138 135 137 129 128 131 134 122 110 106 116 120 100 94 89 95 91 84 80 77 75 67 63 60 59 61 57 50 43 37 31 40 48 56 64 72 80 90 98 105 125 1728 1915 2164 1966 1929 2154 2078 1784 2154 1755 
140 141 123 108 109 99 91 84 82 76 68 61 54 47 51 40 24 16 8 0 8 24 29 34 25 25 29 34 36 45 47 50 61 69 85 86 95 93 92 92 92 93 95 111 109 108 108 108 109 111 118 117 116 116 116 117 118 120 113 97 100 110 117 126 129 136 140 137 145 148 151 154 157 161 165 159 170 174 159 156 151 146 141 137 132 125 130 136 143 146 151 157 167 173 178 184 178 173 170 164 158 151 145 139 134 129 122 133 137 127 122 129 123 117 112 118 108 104 65 59 54 50 47 45 44 32 24 16 18 11 8 11 18 31 37 43 50 57 65 68 75 82 90 97 95 87 80 72 66 60 65 57 43 31 37 50 71 78 84 91 106 113 120 128 135 147 152 156 150 142 138 138 124 113 98 80 72 66 80 86 87 95 103 111 118 125 126 139 137 137 136 137 120 126 128 120 118 111 103 105 113 111 107 104 102 102 110 105 111 116 122 116 122 127 133 128 134 139 146 141 148 152 162 161 156 150 145 140 135 131 145 149 153 158 164 160 156 152 149 146 143 145 137 135 138 141 129 118 113 123 127 107 100 95 102 98 91 88 85 82 75 70 67 65 66 61 54 48 43 38 48 56 64 72 80 88 98 106 113 133 2069 2108 1816 1822 2027 2113 2074 2090 2141 1866 
148 149 131 116 117 107 99 91 89 84 76 68 61 54 58 48 32 24 16 8 0 25 34 40 29 24 25 29 29 37 39 43 54 61 77 79 87 86 84 84 84 86 87 103 101 100 100 100 101 103 111 109 108 108 108 109 111 113 105 90 93 103 110 118 122 129 133 129 137 140 143 147 150 154 159 152 163 168 153 150 144 139 134 130 126 118 123 129 137 140 146 152 161 167 173 178 173 167 165 160 153 146 140 134 129 124 118 128 132 122 116 123 117 111 106 111 101 97 60 54 48 43 39 37 36 24 16 8 11 8 11 18 25 38 43 48 54 61 68 72 79 86 93 100 97 90 82 75 68 61 62 54 39 26 32 47 67 73 80 88 103 110 118 125 133 144 149 152 145 138 134 134 120 109 95 78 70 64 80 84 86 93 101 109 117 124 125 137 137 136 136 138 121 128 130 123 120 113 105 108 115 115 111 109 108 108 116 111 118 122 128 122 127 133 139 133 139 144 151 146 152 157 167 167 161 156 151 146 142 138 152 156 160 164 171 167 163 159 156 153 151 152 145 143 146 149 137 125 120 131 134 113 107 102 109 106 98 95 92 90 82 77 73 71 71 66 59 54 49 45 56 64 72 80 88 96 106 114 121 141 1972 1795 1895 1883 2081 2145 1709 2119 1837 1834 
141 146 127 112 109 99 88 80 80 72 64 56 48 40 49 47 34 29 25 24 25 0 16 24 8 8 16 24 33 47 45 44 58 69 85 84 92 92 93 95 97 100 104 118 115 113 111 109 108 108 116 116 117 118 120 123 126 129 122 108 112 122 129 137 141 148 150 145 152 157 161 165 170 174 179 173 184 190 175 173 167 161 156 151 146 138 144 151 160 163 170 176 185 190 195 201 196 191 189 185 178 171 164 158 153 149 142 151 155 145 139 146 139 133 127 132 122 117 84 78 71 65 59 54 50 40 34 29 36 33 32 33 36 50 57 65 72 80 87 90 97 105 113 120 118 111 103 95 89 84 87 80 65 50 57 72 91 98 106 113 128 135 143 151 158 170 174 177 170 163 159 159 145 134 120 103 95 89 104 109 111 118 126 134 142 149 150 162 161 160 160 161 144 150 151 144 142 134 126 128 136 134 129 125 122 120 128 122 127 133 139 134 141 146 152 148 154 159 165 161 168 172 181 179 173 167 161 156 150 145 158 162 167 173 179 174 169 164 160 156 152 152 145 145 149 153 140 127 124 135 140 122 116 110 116 111 105 100 95 91 84 82 82 83 86 82 75 68 61 54 54 61 68 76 84 91 102 113 119 137 2040 1804 1795 2118 1881 1965 2109 1957 2151 1750 
126 130 112 96 93 83 72 64 64 56 48 40 32 24 33 34 25 24 25 29 34 16 0 8 8 24 32 40 49 62 61 60 74 85 101 100 108 108 109 111 113 115 118 133 130 128 126 125 124 124 132 132 133 134 136 138 140 143 136 122 126 135 142 150 154 161 165 160 167 172 175 179 183 187 192 186 197 202 187 184 178 173 168 163 159 151 157 163 171 174 180 186 195 201 206 212 207 201 198 193 186 180 174 167 162 158 151 161 165 156 150 157 151 144 139 144 134 130 94 88 82 77 72 68 65 54 47 40 45 40 36 33 32 45 53 61 68 76 84 86 93 101 109 117 116 108 100 92 88 86 93 86 72 59 66 79 100 107 113 120 134 141 149 156 163 175 181 185 179 171 167 167 153 142 127 108 100 94 107 113 115 123 130 138 146 151 153 166 164 162 161 160 144 148 149 141 140 132 124 125 133 130 124 119 115 111 119 112 117 123 130 126 132 137 143 140 147 150 157 154 161 165 172 170 163 157 151 144 139 133 145 150 156 161 167 161 156 151 146 142 138 138 131 131 135 140 126 113 111 122 128 111 106 99 105 99 93 88 82 78 71 71 72 75 80 78 70 62 54 47 40 47 54 61 68 76 87 98 104 121 1897 1948 1672 1997 1693 1745 1870 1698 1698 1781 
118 123 104 89 85 75 64 56 57 48 40 32 24 16 25 29 24 25 29 34 40 24 8 0 16 32 40 48 57 70 68 68 82 93 109 108 116 116 117 118 120 123 126 140 138 136 134 133 132 132 140 140 141 142 144 146 148 151 143 129 132 142 149 157 161 168 172 167 175 179 182 186 190 194 199 192 203 208 193 190 184 179 174 170 165 158 163 169 177 180 185 191 201 206 212 218 212 207 203 198 191 185 179 173 167 162 156 167 171 161 156 163 157 151 146 151 141 137 99 93 88 83 79 75 72 61 54 47 51 45 40 36 33 44 52 60 68 76 84 84 92 100 108 116 116 108 100 92 88 87 97 90 77 65 71 83 105 111 118 124 138 145 152 159 167 179 185 189 183 175 171 171 158 146 131 111 104 97 109 115 118 126 133 140 148 153 156 168 166 164 162 160 145 148 148 140 140 132 124 124 132 129 122 116 111 107 115 108 112 119 126 122 129 132 140 136 143 147 154 151 158 161 168 165 159 152 146 139 133 127 139 144 150 156 161 156 150 145 140 135 131 131 124 124 129 134 120 107 105 116 122 106 101 94 99 93 88 82 76 71 65 66 68 72 78 76 68 61 53 45 34 40 47 54 61 68 79 91 97 114 1783 2163 1914 2066 2102 2057 1909 1893 1928 1668 
134 138 120 104 101 91 80 72 72 64 56 48 40 32 41 40 29 25 24 25 29 8 8 16 0 16 24 32 41 54 53 52 66 77 93 92 100 100 101 103 105 108 111 126 123 120 118 117 116 116 124 124 125 126 128 130 133 136 129 115 119 129 135 143 148 154 157 152 160 165 168 172 176 181 186 179 191 196 181 178 173 167 162 157 152 144 151 157 165 169 175 181 190 195 201 207 201 196 194 189 182 175 169 162 158 153 146 156 160 150 144 151 144 139 133 138 128 123 89 82 76 71 66 61 57 47 40 34 40 36 33 32 33 47 54 62 70 78 86 87 95 103 111 118 117 109 101 93 88 84 90 82 68 54 61 75 95 102 109 116 131 138 146 153 161 172 177 181 174 167 163 163 149 138 123 105 97 91 105 111 113 120 128 136 144 150 151 164 162 161 160 160 144 149 150 142 141 133 125 126 134 132 126 122 118 115 123 117 122 128 134 130 137 141 148 143 150 154 161 157 165 168 176 174 168 162 156 150 144 139 151 156 161 167 173 167 162 158 153 149 145 145 138 138 142 146 133 120 118 129 134 116 111 105 110 105 99 94 89 84 78 76 77 79 82 80 72 65 57 50 47 54 61 68 76 84 94 106 111 129 2023 1670 2033 2029 2114 1809 1904 1932 1867 2083 
149 153 135 119 117 107 96 88 88 80 72 64 56 48 57 54 40 34 29 25 24 8 24 32 16 0 8 16 25 39 37 36 50 61 77 76 84 84 86 87 90 93 97 111 108 105 103 101 100 100 108 108 109 111 113 115 118 122 115 101 106 116 122 130 134 141 143 138 145 150 154 159 163 168 173 167 178 184 170 167 161 156 150 144 139 132 139 146 155 158 165 171 180 185 190 196 191 186 185 181 174 167 160 153 149 145 138 146 150 140 134 140 133 128 122 126 116 111 80 73 67 60 54 48 43 34 29 25 33 32 33 36 40 54 61 68 75 82 90 93 100 108 115 123 120 113 105 97 91 84 86 78 62 47 54 70 88 95 103 110 125 133 141 148 156 167 171 174 166 159 156 156 141 131 118 101 93 88 104 108 109 117 125 133 141 148 149 161 160 160 160 162 145 151 153 146 144 136 128 130 138 137 132 129 126 125 133 127 133 139 144 139 146 151 157 152 159 163 170 165 172 176 186 184 178 173 167 161 156 151 164 169 174 179 185 180 175 171 167 163 159 160 152 152 156 160 147 134 131 142 146 128 122 116 122 118 111 107 102 98 91 89 88 88 90 86 79 72 66 59 61 68 76 84 91 99 110 120 126 145 1974 1724 1975 1931 1986 1711 1827 1698 2045 1706 
157 161 143 127 125 115 104 96 96 88 80 72 64 56 64 61 47 40 34 29 25 16 32 40 24 8 0 8 18 32 29 28 42 53 69 68 76 76 78 80 82 86 90 104 100 97 95 93 92 92 100 100 101 103 105 108 111 115 108 94 99 109 116 123 128 134 137 131 138 143 148 152 157 162 167 161 173 178 164 162 156 150 144 139 133 126 133 140 150 154 160 167 175 180 185 191 186 182 181 177 170 163 156 149 145 141 134 142 145 135 129 135 128 122 116 120 110 105 77 70 63 56 49 43 37 29 25 24 32 33 36 40 45 59 66 72 79 86 93 97 104 111 118 126 123 115 108 100 94 86 84 76 61 45 53 68 85 92 100 108 123 131 139 147 155 165 168 171 163 156 153 153 138 128 115 100 92 88 104 108 108 116 124 132 140 148 148 160 160 160 161 163 146 153 156 148 146 138 130 133 140 140 136 133 131 130 139 133 139 144 150 144 151 156 162 157 163 168 174 170 176 181 191 190 184 178 173 167 162 158 171 175 180 185 191 186 182 178 174 170 167 167 160 159 163 167 154 141 138 149 153 134 128 122 129 124 118 113 109 106 98 95 94 93 94 90 83 77 71 65 68 76 84 91 99 107 117 128 134 152 2100 1831 1686 2144 1780 1713 1822 2160 2028 1886 
165 169 150 135 133 123 112 104 104 96 88 80 72 64 72 68 54 47 40 34 29 24 40 48 32 16 8 0 11 26 22 20 34 46 61 60 68 68 70 72 75 79 83 97 93 90 87 86 84 84 92 92 93 95 97 100 104 108 101 88 93 103 109 117 122 128 130 124 131 137 141 146 151 156 161 156 167 173 159 158 151 145 139 133 127 120 128 135 145 149 156 163 171 175 180 186 182 178 177 174 167 159 152 145 141 138 131 138 140 131 124 130 122 118 111 115 105 99 75 67 59 52 45 38 31 25 24 25 33 36 40 45 51 65 71 77 83 90 97 101 108 115 122 129 126 118 111 104 97 87 84 76 60 44 52 68 82 90 98 106 122 130 137 145 153 163 166 168 160 153 151 151 135 125 114 100 92 88 105 108 108 116 124 132 140 148 148 160 160 160 162 164 148 156 158 151 148 140 133 136 143 143 140 138 136 136 144 139 145 150 156 150 156 161 167 162 168 173 179 174 181 186 196 195 190 184 179 174 169 164 178 182 186 191 198 193 189 185 181 177 174 175 167 167 170 174 161 149 145 156 160 140 134 129 135 131 124 120 116 113 106 102 100 99 99 94 88 82 76 71 76 84 91 99 107 115 125 135 142 160 1910 1868 1948 1845 1929 1870 1718 1984 2018 1929 
172 175 157 141 140 130 120 112 112 104 96 88 80 72 80 74 58 51 43 36 29 33 49 57 41 25 18 11 0 14 12 14 26 36 52 52 61 60 61 62 65 68 72 86 82 80 78 76 76 76 84 84 84 86 87 90 93 97 90 77 82 92 98 106 111 117 119 113 120 126 130 134 139 144 150 144 156 161 148 146 140 134 128 122 116 109 116 124 134 138 145 152 160 164 169 175 171 167 166 163 156 149 141 134 131 128 120 127 129 120 113 119 111 107 100 103 94 88 65 57 49 42 34 27 20 16 18 23 29 34 40 47 54 67 71 76 82 88 94 99 106 112 119 126 122 115 108 101 93 82 76 68 53 37 45 61 73 81 89 97 113 121 129 137 144 154 156 158 149 143 141 141 125 115 105 92 84 82 99 101 100 108 116 124 132 141 140 152 152 153 155 159 142 151 154 147 143 136 129 132 140 140 138 136 136 136 145 140 146 151 156 150 156 161 167 161 167 173 178 173 179 184 195 195 190 185 180 175 171 167 181 185 189 193 200 196 192 188 184 181 178 180 172 171 174 177 165 153 149 159 163 142 135 131 138 134 127 123 120 118 110 106 102 100 99 93 88 82 78 73 82 89 97 105 113 121 132 141 148 166 2008 1777 1783 1673 2175 1699 1983 2126 2178 1694 
184 186 167 152 152 142 133 125 124 117 109 101 93 86 92 84 68 61 53 45 37 47 62 70 54 39 32 26 14 0 8 16 18 24 40 42 51 49 48 49 51 54 58 72 68 66 64 64 64 66 74 72 72 72 74 76 79 82 75 62 68 78 84 91 96 102 104 98 106 111 115 120 125 130 136 130 142 148 134 133 126 120 114 108 102 95 102 110 120 125 132 140 147 151 155 162 158 154 154 152 144 137 129 122 119 116 109 115 116 107 100 106 98 93 87 90 80 74 56 48 40 32 24 16 8 14 22 29 32 39 47 54 62 74 77 81 86 91 96 102 107 113 119 126 121 114 108 102 94 81 71 63 48 34 41 56 64 72 80 88 104 112 120 128 136 144 146 148 138 132 130 130 115 105 96 86 79 77 95 96 94 102 110 118 126 135 134 145 146 148 151 155 138 148 152 145 141 134 128 132 139 140 139 139 139 141 150 145 152 156 161 154 159 166 171 164 170 176 181 175 181 187 198 199 194 190 185 181 177 174 188 191 195 199 206 202 199 195 192 190 187 189 181 180 182 185 173 162 157 167 170 148 141 138 145 142 134 132 129 127 119 114 109 106 103 97 92 88 84 81 92 100 108 116 124 132 143 151 158 177 2139 1862 2086 1838 2111 2126 2058 1804 1865 2077 
184 187 168 153 152 142 132 124 124 116 108 100 92 84 92 86 70 62 54 47 39 45 61 68 53 37 29 22 12 8 0 8 15 24 40 40 49 48 49 51 54 58 62 75 72 68 66 64 64 64 72 72 72 74 76 79 82 87 80 68 74 84 89 96 102 108 109 102 109 115 120 125 130 136 142 136 148 154 141 140 133 126 120 114 108 101 109 117 127 132 140 147 154 158 162 169 165 161 162 159 152 144 137 129 126 124 116 122 123 115 107 113 104 100 93 96 87 80 64 56 48 40 32 24 16 20 26 32 37 43 50 57 65 77 81 86 91 96 102 107 113 119 126 132 128 121 114 108 100 88 79 71 56 41 48 63 72 80 88 96 112 120 128 136 144 152 154 155 146 140 138 138 122 113 104 94 86 85 103 104 102 110 118 126 134 143 141 153 154 155 158 163 146 156 159 152 148 141 134 139 145 146 145 144 144 146 154 150 156 161 166 159 164 171 176 170 175 181 187 181 187 192 204 204 199 194 190 185 181 177 191 195 199 203 210 206 202 199 195 192 190 191 184 182 185 188 176 164 160 170 174 152 145 141 148 145 138 134 132 129 121 117 113 110 108 102 97 92 88 84 93 101 109 117 125 133 143 152 159 178 1743 2173 2159 1724 2196 1827 2122 1677 1853 1891 
185 188 170 155 152 143 132 124 124 116 108 100 92 84 92 87 72 65 57 50 43 44 60 68 52 36 28 20 14 16 8 0 15 27 42 40 48 49 51 54 58 62 68 80 75 72 68 66 64 64 72 72 74 76 79 82 87 91 85 74 80 90 95 102 108 113 114 107 113 120 125 130 136 142 148 142 154 160 148 147 140 133 126 120 114 107 115 124 134 140 147 154 161 165 169 176 172 168 169 167 159 152 144 137 134 132 124 129 131 122 115 120 111 107 100 103 93 87 72 64 56 48 40 32 24 27 31 37 43 48 54 61 68 81 86 91 96 102 108 113 119 126 132 139 134 128 121 114 107 95 86 79 63 48 56 71 80 88 96 104 120 128 136 144 152 160 162 163 153 148 146 146 130 121 112 102 94 92 110 112 110 118 126 134 141 151 149 161 162 163 166 170 153 163 166 159 156 148 141 145 152 153 151 150 150 151 159 154 161 166 171 164 170 176 181 175 181 187 192 187 193 198 209 210 204 199 194 190 185 181 195 199 203 207 214 210 206 202 199 195 192 194 186 185 188 191 179 167 163 174 177 156 150 145 152 148 141 138 134 132 124 120 117 114 113 107 102 97 92 88 95 103 111 118 126 134 145 154 161 180 1762 1837 1755 1835 1904 1746 1838 1909 2032 2063 
199 201 183 168 166 156 146 138 138 130 122 114 106 98 106 100 84 77 69 61 54 58 74 82 66 50 42 34 26 18 15 15 0 13 27 26 34 34 36 39 44 50 56 67 62 57 54 51 50 50 58 58 59 61 64 68 73 78 72 62 69 78 83 89 96 101 100 93 99 107 112 117 123 129 136 131 142 149 137 137 130 123 116 109 102 96 105 114 124 130 138 145 152 155 158 165 162 159 161 160 152 144 136 129 127 125 117 121 121 113 106 110 101 98 91 92 83 76 69 62 54 46 39 31 24 33 39 47 50 57 64 72 79 91 95 99 104 109 115 120 126 132 138 144 139 132 126 120 112 99 87 80 66 52 59 72 77 85 93 101 117 125 133 141 149 156 156 157 146 141 140 140 124 116 109 102 94 94 112 112 109 117 125 132 140 150 148 159 161 163 166 172 155 166 170 163 159 152 145 150 156 158 157 157 158 159 168 164 170 175 179 173 178 184 189 183 188 194 200 194 199 205 217 218 213 208 204 199 195 191 206 209 213 217 224 220 216 213 210 207 204 206 198 197 199 202 191 179 174 185 188 166 160 156 163 159 152 149 146 144 136 131 127 124 122 115 110 106 102 98 108 116 124 132 139 147 158 167 174 193 2055 1788 2016 1844 2152 2128 1832 2118 2173 2079 
208 210 192 177 176 166 156 148 148 141 133 125 117 109 116 109 93 85 77 69 61 69 85 93 77 61 53 46 36 24 24 27 13 0 16 18 27 24 24 27 31 37 43 54 49 45 42 40 40 42 49 48 48 49 52 56 60 65 59 50 57 66 70 77 83 88 88 80 87 94 99 105 111 117 123 119 130 137 125 126 118 111 104 97 90 84 93 102 113 120 127 135 140 143 147 154 151 148 150 150 142 134 126 118 117 116 108 111 111 103 95 99 90 87 80 81 72 65 65 57 50 43 37 31 27 38 46 53 56 63 71 79 86 97 100 104 108 112 117 123 128 133 139 144 139 133 127 122 113 99 84 78 65 54 59 71 72 80 87 95 111 118 126 134 142 148 148 148 137 132 132 132 116 108 103 98 91 92 110 109 106 113 120 128 135 146 143 153 156 158 163 169 152 164 169 162 158 151 145 150 156 158 158 159 161 163 172 168 175 179 183 176 181 187 192 186 191 197 202 196 201 207 219 221 216 212 208 204 200 197 212 215 218 222 229 225 222 219 216 214 212 213 206 204 206 209 197 186 181 191 194 172 165 161 169 166 158 156 153 151 144 138 133 129 126 119 115 111 108 105 117 125 133 141 148 156 167 175 182 201 2071 1886 1750 1872 2173 1895 1841 2176 2039 1965 
224 226 207 193 192 182 172 164 164 156 148 141 133 125 132 125 109 101 93 85 77 85 101 109 93 77 69 61 52 40 40 42 27 16 0 8 14 9 9 14 22 29 37 43 37 31 27 24 24 27 34 32 32 34 38 43 48 54 50 45 53 60 63 68 75 79 77 68 74 82 88 94 101 108 115 111 122 129 119 120 113 105 97 90 82 78 87 97 109 116 124 132 136 138 140 148 146 144 147 148 140 132 124 116 116 116 108 108 107 100 92 95 86 84 76 76 68 61 72 66 59 54 49 45 42 53 61 69 71 79 86 94 102 113 115 118 122 126 130 137 141 146 151 156 150 144 139 134 126 111 94 88 77 68 72 82 79 86 93 100 115 123 130 138 146 151 149 148 136 132 133 133 117 111 108 107 100 102 119 118 113 120 127 134 141 152 149 158 161 165 170 178 161 174 179 173 167 161 156 161 167 170 171 172 174 177 186 182 190 193 197 190 194 201 205 199 203 210 214 208 213 219 232 234 230 226 222 218 215 212 227 230 233 236 243 240 237 234 231 229 227 229 221 219 221 224 213 202 196 206 209 186 179 176 184 181 173 171 169 167 159 153 148 143 140 132 129 126 123 120 133 141 148 156 164 172 183 191 198 217 2137 1687 1757 1870 1819 1951 1829 1843 2160 2071 
225 227 208 193 192 182 172 164 164 156 148 140 132 124 132 126 110 102 94 86 79 84 100 108 92 76 68 60 52 42 40 40 26 18 8 0 9 9 14 22 29 37 45 50 43 37 31 27 24 24 32 32 34 38 43 48 54 61 57 53 61 68 70 75 82 86 83 74 79 88 94 101 108 115 122 118 129 136 126 128 120 113 105 97 90 85 95 105 116 124 132 139 144 146 148 156 153 151 155 156 148 140 132 124 124 124 116 116 115 108 100 103 93 92 84 84 76 68 79 72 66 59 54 49 45 56 63 71 74 81 89 96 104 115 118 122 126 130 134 141 146 151 156 161 156 150 144 139 131 116 100 94 82 72 77 88 86 93 100 108 123 130 138 146 153 158 157 156 144 140 141 141 125 118 115 113 107 108 126 124 120 127 134 141 149 159 156 166 169 172 177 184 168 180 185 179 174 167 161 167 173 175 176 177 179 181 190 186 193 197 201 194 199 205 210 203 208 214 219 213 218 224 237 239 234 230 226 222 218 215 230 233 236 240 247 243 240 237 234 231 229 231 223 221 224 227 215 204 199 209 212 190 182 179 186 184 176 173 171 169 161 156 151 147 143 137 132 129 126 123 134 141 149 157 165 173 184 192 199 218 1944 1762 1698 1940 2021 1947 2024 2100 1982 1907 
233 235 217 202 200 190 180 172 172 164 156 148 140 132 140 134 118 111 103 95 87 92 108 116 100 84 76 68 61 51 49 48 34 27 14 9 0 8 16 24 32 40 48 51 43 36 29 23 18 16 24 25 29 34 40 47 54 61 58 56 64 70 72 76 84 86 82 72 77 87 93 100 107 115 122 119 129 137 128 130 122 115 107 99 91 87 97 107 119 127 135 143 146 148 149 157 155 154 158 160 152 144 136 128 128 129 121 120 118 112 104 106 96 96 88 86 80 72 87 80 74 68 62 58 54 65 72 80 82 90 97 105 113 124 127 131 134 139 143 150 154 159 164 170 164 158 153 148 139 125 108 102 91 81 86 96 93 100 107 115 129 137 144 152 159 164 162 161 148 145 146 146 130 124 122 121 114 116 134 132 128 134 141 148 156 166 163 172 175 179 185 192 175 188 193 187 182 176 170 175 181 184 184 186 187 190 199 195 202 206 210 203 207 214 219 212 217 223 228 222 227 233 246 247 243 239 235 231 227 224 238 242 245 249 256 252 249 246 243 240 238 240 232 230 233 235 224 213 207 218 221 199 191 188 195 192 185 182 180 178 170 164 160 156 152 145 141 138 134 132 142 150 158 166 174 182 192 201 208 227 1682 2040 2028 1797 1988 2092 1999 1903 1780 1910 
