0 1495 381 2012 1157 990 764 178 147 1788 542 508 749 696 408 318 1213 714 1082 717 935 228 538 1670 816 1922 1096 840 1147 986 498 1250 553 678 2136 754 1046 326 1117 261 692 1525 1104 616 2162 488 753 1184 12910 11090 10474 11902 13082 13449 13318 12335 11827 12324 
1495 0 1135 637 583 2207 2056 1641 1590 736 1312 1494 1150 988 1552 1243 2360 2004 2291 1615 1279 1272 1163 906 983 585 2269 2097 381 2155 1898 1091 1661 840 988 1984 2272 1778 976 1443 872 504 2223 1957 1098 1727 1388 661 11929 11508 11818 12161 13331 10924 11507 10526 10854 12984 
381 1135 0 1633 778 1163 971 551 457 1412 375 481 474 349 475 301 1359 918 1255 686 699 207 262 1308 480 1541 1251 1029 774 1133 772 936 622 301 1760 922 1227 644 785 325 442 1144 1231 850 1790 640 591 810 13330 12158 11143 12837 11520 12298 12843 120 11748 11886 
2012 637 1633 0 886 2550 2444 2175 2081 444 1697 1881 1480 1385 1969 1806 2662 2397 2624 1941 1519 1805 1576 735 1321 102 2589 2467 879 2485 2343 1190 2044 1336 451 2357 2613 2255 1161 1901 1467 532 2526 2373 594 2138 1695 900 10414 11012 13382 12343 11557 11536 12793 10563 11129 11514 
1157 583 778 886 0 1686 1565 1329 1210 636 814 999 609 500 1084 1006 1818 1516 1764 1078 703 970 691 588 443 788 1735 1592 283 1626 1458 528 1163 503 985 1481 1750 1377 396 1021 768 370 1680 1489 1025 1253 839 97 11056 10239 12894 12969 11310 12356 11419 12878 13258 12719 
990 2207 1163 2550 1686 0 235 1015 845 2191 895 717 1078 1219 689 1289 230 279 93 611 1047 1162 1049 1961 1244 2450 116 153 1826 83 525 1428 553 1401 2502 244 66 704 1403 848 1598 2019 174 387 2468 528 856 1654 10736 13162 13056 11516 11383 10835 11438 12845 10972 11579 
764 2056 971 2444 1565 235 0 781 618 2111 753 568 965 1077 507 1070 465 54 323 532 984 947 894 1901 1123 2344 349 85 1676 260 290 1375 402 1231 2435 105 285 469 1324 648 1396 1914 386 153 2415 334 769 1545 11182 11016 12763 11144 11332 12168 11201 11642 11565 12057 
178 1641 551 2175 1329 1015 781 0 228 1962 709 649 924 874 534 413 1244 737 1103 844 1103 372 715 1847 994 2086 1127 863 1303 1025 493 1426 659 841 2310 795 1064 312 1294 418 805 1695 1149 629 2338 565 911 1359 10220 13198 11845 11893 11214 12333 10553 12602 10275 10931 
147 1590 457 2081 1210 845 618 228 0 1831 507 425 737 725 307 459 1068 568 936 617 897 352 546 1691 831 1988 951 694 1230 842 355 1240 434 757 2177 610 900 194 1121 214 819 1579 961 470 2193 352 695 1226 10177 10394 12018 11014 10550 12792 10374 10887 12930 10407 
1788 736 1412 444 636 2191 2111 1962 1831 0 1389 1565 1154 1107 1668 1639 2282 2067 2258 1588 1145 1606 1294 292 1015 358 2218 2123 771 2121 2049 783 1718 1138 349 2017 2252 1987 790 1632 1366 297 2149 2058 401 1826 1344 606 11637 11285 10143 11588 13270 10975 12011 10946 10360 13093 
542 1312 375 1697 814 895 753 709 507 1389 0 186 242 326 280 646 1061 704 981 332 395 514 159 1215 378 1598 962 787 932 847 660 737 353 522 1727 675 961 620 632 295 795 1171 925 676 1727 441 225 802 12235 10721 12773 11737 10302 10101 11650 12754 10943 12740 
508 1494 481 1881 999 717 568 649 425 1565 186 0 411 510 129 698 893 519 804 220 502 559 332 1378 560 1782 790 604 1114 673 493 879 168 687 1899 491 782 487 793 250 921 1353 760 495 1892 262 282 984 12908 10739 12626 11412 10769 13324 12509 12829 12599 10390 
749 1150 474 1480 609 1078 965 924 737 1154 242 411 0 205 519 774 1215 919 1156 471 231 663 221 973 169 1380 1128 988 776 1018 899 504 567 468 1488 877 1142 861 390 524 807 949 1076 905 1486 673 239 581 11640 11529 11299 11514 13459 11005 13298 13050 10197 11530 
696 988 349 1385 500 1219 1077 874 725 1107 326 510 205 0 586 641 1376 1027 1303 632 424 555 192 974 133 1287 1282 1113 608 1167 959 591 678 265 1453 1000 1284 882 437 526 611 866 1238 993 1470 758 428 504 13155 12217 12345 10854 10113 11717 12680 11108 11443 11809 
408 1552 475 1969 1084 689 507 534 307 1668 280 129 519 586 0 642 887 455 780 312 629 504 397 1492 656 1871 776 558 1174 659 381 1001 157 724 2006 449 753 359 907 175 913 1445 761 408 2004 176 410 1077 11401 11132 10507 11859 11793 12105 11246 11331 10703 12431 
318 1243 301 1806 1006 1289 1070 413 459 1639 646 698 774 641 642 0 1505 1019 1382 917 997 140 558 1569 773 1722 1390 1142 927 1276 814 1231 799 503 1986 1048 1348 643 1075 467 393 1356 1389 926 2030 768 870 1056 10101 13296 10182 11522 11218 13362 11459 12725 12649 11537 
1213 2360 1359 2662 1818 230 465 1244 1068 2282 1061 893 1215 1376 887 1505 0 507 151 746 1144 1374 1218 2035 1383 2561 117 382 1982 230 754 1504 739 1579 2577 459 193 933 1503 1054 1799 2134 139 616 2532 739 980 1777 10159 11441 12742 11872 13048 11708 12492 13293 11031 12329 
714 2004 918 2397 1516 279 54 737 568 2067 704 519 919 1027 455 1019 507 0 369 495 945 895 843 1860 1076 2297 390 127 1625 292 251 1337 354 1178 2393 91 332 427 1281 595 1344 1867 418 112 2375 281 728 1498 10425 12975 12484 11398 12756 11254 12854 12726 11365 10602 
1082 2291 1255 2624 1764 93 323 1103 936 2258 981 804 1156 1303 780 1382 151 369 0 687 1114 1254 1135 2022 1323 2523 64 243 1911 139 611 1489 641 1490 2564 336 42 792 1471 940 1690 2093 154 475 2527 621 930 1730 11767 12389 12141 11019 11625 11779 11589 10769 12250 10987 
717 1615 686 1941 1078 611 532 844 617 1588 332 220 471 632 312 917 746 495 687 0 453 778 490 1371 639 1840 658 536 1237 548 574 844 207 852 1907 432 674 630 799 466 1120 1409 608 519 1884 339 246 1044 11785 11320 12520 12385 10978 11723 13024 11327 12810 10784 
935 1279 699 1519 703 1047 984 1103 897 1145 395 502 231 424 629 997 1144 945 1114 453 0 879 439 919 336 1418 1075 987 924 976 985 393 618 688 1457 884 1108 987 360 688 1034 992 1009 958 1432 745 225 646 10928 11556 11560 12505 13094 13133 11619 12578 12545 13081 
228 1272 207 1805 970 1162 947 372 352 1606 514 559 663 555 504 140 1374 895 1254 778 879 0 444 1512 685 1717 1260 1016 932 1145 704 1140 661 473 1954 919 1221 544 991 329 468 1332 1255 808 1989 636 739 1009 12045 10242 12557 12519 10279 12744 12678 12764 12092 12052 
538 1163 262 1576 691 1049 894 715 546 1294 159 332 221 192 397 558 1218 843 1135 490 439 444 0 1145 286 1479 1119 934 783 1002 768 713 499 363 1637 822 1114 694 580 340 650 1057 1083 804 1649 570 341 693 12761 161 12818 10829 12803 11605 11151 12246 10445 12529 
1670 906 1308 735 588 1961 1901 1847 1691 292 1215 1378 973 974 1492 1569 2035 1860 2022 1371 919 1512 1145 0 860 646 1978 1905 813 1887 1870 534 1521 1070 543 1802 2019 1830 586 1483 1355 403 1905 1864 515 1638 1133 519 12461 12688 11987 11265 11985 12101 11541 11245 12132 10823 
816 983 480 1321 443 1244 1123 994 831 1015 378 560 169 133 656 773 1383 1076 1323 639 336 685 286 860 0 1222 1296 1150 611 1185 1036 458 723 368 1356 1038 1308 976 306 624 723 793 1245 1054 1364 819 406 424 10514 10217 12548 10591 12816 11692 12496 10844 13398 11448 
1922 585 1541 102 788 2450 2344 2086 1988 358 1598 1782 1380 1287 1871 1722 2561 2297 2523 1840 1418 1717 1479 646 1222 0 2488 2367 796 2384 2246 1091 1944 1246 435 2256 2513 2160 1059 1806 1391 431 2425 2274 569 2039 1595 800 11217 11925 10563 11068 10516 11592 12957 13374 11692 11194 
1096 2269 1251 2589 1735 116 349 1127 951 2218 962 790 1128 1282 776 1390 117 390 64 658 1075 1260 1119 1978 1296 2488 0 266 1889 118 639 1445 632 1477 2521 343 97 816 1433 941 1689 2059 91 500 2481 625 898 1698 13248 13080 10403 10526 10271 13038 12075 13003 11396 11769 
840 2097 1029 2467 1592 153 85 863 694 2123 787 604 988 1113 558 1142 382 127 243 536 987 1016 934 1905 1150 2367 266 0 1716 177 374 1376 436 1279 2443 113 207 552 1334 709 1459 1936 302 235 2418 390 780 1568 11430 10613 13390 13146 12426 11302 11613 11836 12730 12379 
1147 381 774 879 283 1826 1676 1303 1230 771 932 1114 776 608 1174 927 1982 1625 1911 1237 924 932 783 813 611 796 1889 1716 0 1775 1526 807 1281 474 1100 1604 1892 1414 663 1072 605 475 1844 1579 1172 1349 1015 379 11788 11336 10298 11430 10647 10563 12876 10367 12638 10465 
986 2155 1133 2485 1626 83 260 1025 842 2121 847 673 1018 1167 659 1276 230 292 139 548 976 1145 1002 1887 1185 2384 118 177 1775 0 543 1354 514 1360 2429 233 133 716 1334 825 1571 1954 127 404 2393 509 791 1592 12880 10165 11724 13220 10579 11142 12930 11901 10475 10541 
498 1898 772 2343 1458 525 290 493 355 2049 660 493 899 959 381 814 754 251 611 574 985 704 768 1870 1036 2246 639 374 1526 543 0 1370 373 1059 2386 324 572 183 1285 455 1168 1823 669 139 2384 242 761 1456 13193 11199 11560 10880 10305 11739 12378 11297 11886 12627 
1250 1091 936 1190 528 1428 1375 1426 1240 783 737 879 504 591 1001 1231 1504 1337 1489 844 393 1140 713 534 458 1091 1445 1376 807 1354 1370 0 1007 794 1076 1275 1486 1354 169 1026 1143 692 1372 1349 1043 1131 614 437 12089 10605 13038 12366 13309 11409 11672 10908 12058 10189 
553 1661 622 2044 1163 553 402 659 434 1718 353 168 567 678 157 799 739 354 641 207 618 661 499 1521 723 1944 632 436 1281 514 373 1007 0 849 2048 323 618 424 937 332 1062 1514 609 344 2035 134 394 1145 11938 11738 11143 10790 10532 12992 13035 12218 13201 12352 
678 840 301 1336 503 1401 1231 841 757 1138 522 687 468 265 724 503 1579 1178 1490 852 688 473 363 1070 368 1246 1477 1279 474 1360 1059 794 849 0 1486 1168 1466 941 627 604 356 860 1444 1122 1528 898 677 554 10212 11226 11439 11784 11136 11916 10388 11662 10333 10818 
2136 988 1760 451 985 2502 2435 2310 2177 349 1727 1899 1488 1453 2006 1986 2577 2393 2564 1907 1457 1954 1637 543 1356 435 2521 2443 1100 2429 2386 1076 2048 1486 0 2338 2561 2331 1112 1976 1701 633 2447 2390 146 2160 1666 953 12038 12863 11681 12650 12839 10117 12317 11424 13401 11834 
754 1984 922 2357 1481 244 105 795 610 2017 675 491 877 1000 449 1048 459 91 336 432 884 919 822 1802 1038 2256 343 113 1604 233 324 1275 323 1168 2338 0 305 488 1228 605 1356 1826 355 190 2316 286 673 1457 11379 10879 13424 12677 11681 12804 11536 11142 12412 13058 
1046 2272 1227 2613 1750 66 285 1064 900 2252 961 782 1142 1284 753 1348 193 332 42 674 1108 1221 1114 2019 1308 2513 97 207 1892 133 572 1486 618 1466 2561 305 0 753 1464 910 1661 2082 181 437 2526 590 919 1718 13099 10303 13112 11927 11328 12797 13433 12950 12713 10975 
326 1778 644 2255 1377 704 469 312 194 1987 620 487 861 882 359 643 933 427 792 630 987 544 694 1830 976 2160 816 552 1414 716 183 1354 424 941 2331 488 753 0 1250 357 1011 1745 841 317 2339 301 769 1385 13351 13016 11487 11065 11469 12058 13269 12526 10310 12141 
1117 976 785 1161 396 1403 1324 1294 1121 790 632 793 390 437 907 1075 1503 1281 1471 799 360 991 580 586 306 1059 1433 1334 663 1334 1285 169 937 627 1112 1228 1464 1250 0 909 974 637 1368 1280 1100 1053 555 317 12415 12402 10294 11439 12356 13022 12026 11588 10198 12369 
261 1443 325 1901 1021 848 648 418 214 1632 295 250 524 526 175 467 1054 595 940 466 688 329 340 1483 624 1806 941 709 1072 825 455 1026 332 604 1976 605 910 357 909 0 751 1389 931 525 1988 320 495 1029 10749 12227 10234 11188 11540 11865 11841 10794 11329 12251 
692 872 442 1467 768 1598 1396 805 819 1366 795 921 807 611 913 393 1799 1344 1690 1120 1034 468 650 1355 723 1391 1689 1459 605 1571 1168 1143 1062 356 1701 1356 1661 1011 974 751 0 1071 1671 1264 1766 1071 989 843 11617 10761 11837 12243 12659 10757 10815 12111 12028 11242 
1525 504 1144 532 370 2019 1914 1695 1579 297 1171 1353 949 866 1445 1356 2134 1867 2093 1409 992 1332 1057 403 793 431 2059 1936 475 1954 1823 692 1514 860 633 1826 2082 1745 637 1389 1071 0 1997 1846 698 1611 1164 370 12980 11293 11182 13296 10411 11011 13173 11099 11846 10501 
1104 2223 1231 2526 1680 174 386 1149 961 2149 925 760 1076 1238 761 1389 139 418 154 608 1009 1255 1083 1905 1245 2425 91 302 1844 127 669 1372 609 1444 2447 355 181 841 1368 931 1671 1997 0 530 2405 622 842 1640 13318 13206 12540 12535 12070 11495 10767 10400 12268 13323 
616 1957 850 2373 1489 387 153 629 470 2058 676 495 905 993 408 926 616 112 475 519 958 808 804 1864 1054 2274 500 235 1579 404 139 1349 344 1122 2390 190 437 317 1280 525 1264 1846 530 0 2379 236 735 1477 10873 13439 10445 10862 12833 10585 10189 12375 10268 10879 
2162 1098 1790 594 1025 2468 2415 2338 2193 401 1727 1892 1486 1470 2004 2030 2532 2375 2527 1884 1432 1989 1649 515 1364 569 2481 2418 1172 2393 2384 1043 2035 1528 146 2316 2526 2339 1100 1988 1766 698 2405 2379 0 2152 1647 981 12602 11345 12393 13355 11892 12395 11478 10925 11507 12837 
488 1727 640 2138 1253 528 334 565 352 1826 441 262 673 758 176 768 739 281 621 339 745 636 570 1638 819 2039 625 390 1349 509 242 1131 134 898 2160 286 590 301 1053 320 1071 1611 622 236 2152 0 520 1242 13038 10650 11547 10386 12715 11057 10259 13360 13210 13159 
753 1388 591 1695 839 856 769 911 695 1344 225 282 239 428 410 870 980 728 930 246 225 739 341 1133 406 1595 898 780 1015 791 761 614 394 677 1666 673 919 769 555 495 989 1164 842 735 1647 520 0 801 12265 10822 10175 11994 11679 10778 12967 11374 10960 13114 
1184 661 810 900 97 1654 1545 1359 1226 606 802 984 581 504 1077 1056 1777 1498 1730 1044 646 1009 693 519 424 800 1698 1568 379 1592 1456 437 1145 554 953 1457 1718 1385 317 1029 843 370 1640 1477 981 1242 801 0 10382 10397 10947 11813 11911 10511 11714 11671 10397 12194 
12910 11929 13330 10414 11056 10736 11182 10220 10177 11637 12235 12908 11640 13155 11401 10101 10159 10425 11767 11785 10928 12045 12761 12461 10514 11217 13248 11430 11788 12880 13193 12089 11938 10212 12038 11379 13099 13351 12415 10749 11617 12980 13318 10873 12602 13038 12265 10382 0 784 720 368 264 720 264 1576 912 16 
11090 11508 12158 11012 10239 13162 11016 13198 10394 11285 10721 10739 11529 12217 11132 13296 11441 12975 12389 11320 11556 10242 161 12688 10217 11925 13080 10613 11336 10165 11199 10605 11738 11226 12863 10879 10303 13016 12402 12227 10761 11293 13206 13439 11345 10650 10822 10397 784 0 1456 240 1032 280 280 1032 1496 280 
10474 11818 11143 13382 12894 13056 12763 11845 12018 10143 12773 12626 11299 12345 10507 10182 12742 12484 12141 12520 11560 12557 12818 11987 12548 10563 10403 13390 10298 11724 11560 13038 11143 11439 11681 13424 13112 11487 10294 10234 11837 11182 12540 10445 12393 11547 10175 10947 720 1456 0 912 1600 720 576 368 240 16 
11902 12161 12837 12343 12969 11516 11144 11893 11014 11588 11737 11412 11514 10854 11859 11522 11872 11398 11019 12385 12505 12519 10829 11265 10591 11068 10526 13146 11430 13220 10880 12366 10790 11784 12650 12677 11927 11065 11439 11188 12243 13296 12535 10862 13355 10386 11994 11813 368 240 912 0 240 984 368 240 368 1352 
13082 13331 11520 11557 11310 11383 11332 11214 10550 13270 10302 10769 13459 10113 11793 11218 13048 12756 11625 10978 13094 10279 12803 11985 12816 10516 10271 12426 10647 10579 10305 13309 10532 11136 12839 11681 11328 11469 12356 11540 12659 10411 12070 12833 11892 12715 11679 11911 264 1032 1600 240 0 1600 1336 1032 912 576 
13449 10924 12298 11536 12356 10835 12168 12333 12792 10975 10101 13324 11005 11717 12105 13362 11708 11254 11779 11723 13133 12744 11605 12101 11692 11592 13038 11302 10563 11142 11739 11409 12992 11916 10117 12804 12797 12058 13022 11865 10757 11011 11495 10585 12395 11057 10778 10511 720 280 720 984 1600 0 888 560 1320 16 
13318 11507 12843 12793 11419 11438 11201 10553 10374 12011 11650 12509 13298 12680 11246 11459 12492 12854 11589 13024 11619 12678 11151 11541 12496 12957 12075 11613 12876 12930 12378 11672 13035 10388 12317 11536 13433 13269 12026 11841 10815 13173 10767 10189 11478 10259 12967 11714 264 280 576 368 1336 888 0 384 1320 888 
12335 10526 120 10563 12878 12845 11642 12602 10887 10946 12754 12829 13050 11108 11331 12725 13293 12726 10769 11327 12578 12764 12246 11245 10844 13374 13003 11836 10367 11901 11297 10908 12218 11662 11424 11142 12950 12526 11588 10794 12111 11099 10400 12375 10925 13360 11374 11671 1576 1032 368 240 1032 560 384 0 1368 480 
11827 10854 11748 11129 13258 10972 11565 10275 12930 10360 10943 12599 10197 11443 10703 12649 11031 11365 12250 12810 12545 12092 10445 12132 13398 11692 11396 12730 12638 10475 11886 12058 13201 10333 13401 12412 12713 10310 10198 11329 12028 11846 12268 10268 11507 13210 10960 10397 912 1496 240 368 912 1320 1320 1368 0 1224 
12324 12984 11886 11514 12719 11579 12057 10931 10407 13093 12740 10390 11530 11809 12431 11537 12329 10602 10987 10784 13081 12052 12529 10823 11448 11194 11769 12379 10465 10541 12627 10189 12352 10818 11834 13058 10975 12141 12369 12251 11242 10501 13323 10879 12837 13159 13114 12194 16 280 16 1352 576 16 888 480 1224 0 

0 1495 381 2012 1157 990 764 178 147 1788 542 508 749 696 408 318 1213 714 1082 717 935 228 538 1670 816 1922 1096 840 1147 986 498 1250 553 678 2136 754 1046 326 1117 261 692 1525 1104 616 2162 488 753 1184 12191 11977 10848 12116 10606 10856 10661 11227 11651 10526 
1495 0 1135 637 583 2207 2056 1641 1590 736 1312 1494 1150 988 1552 1243 2360 2004 2291 1615 1279 1272 1163 906 983 585 2269 2097 381 2155 1898 1091 1661 840 988 1984 2272 1778 976 1443 872 504 2223 1957 1098 1727 1388 661 10545 12217 13245 13449 12214 11554 13154 13412 12533 11078 
381 1135 0 1633 778 1163 971 551 457 1412 375 481 474 349 475 301 1359 918 1255 686 699 207 262 1308 480 1541 1251 1029 774 1133 772 936 622 301 1760 922 1227 644 785 325 442 1144 1231 850 1790 640 591 810 11411 12722 13370 13299 11345 13066 12113 27 13201 12748 
2012 637 1633 0 886 2550 2444 2175 2081 444 1697 1881 1480 1385 1969 1806 2662 2397 2624 1941 1519 1805 1576 735 1321 102 2589 2467 879 2485 2343 1190 2044 1336 451 2357 2613 2255 1161 1901 1467 532 2526 2373 594 2138 1695 900 10438 13288 12529 13010 10976 12971 13102 12705 10774 10267 
1157 583 778 886 0 1686 1565 1329 1210 636 814 999 609 500 1084 1006 1818 1516 1764 1078 703 970 691 588 443 788 1735 1592 283 1626 1458 528 1163 503 985 1481 1750 1377 396 1021 768 370 1680 1489 1025 1253 839 97 10401 11133 10136 11247 11428 10566 11169 10462 11487 11561 
990 2207 1163 2550 1686 0 235 1015 845 2191 895 717 1078 1219 689 1289 230 279 93 611 1047 1162 1049 1961 1244 2450 116 153 1826 83 525 1428 553 1401 2502 244 66 704 1403 848 1598 2019 174 387 2468 528 856 1654 10366 11319 11865 13091 11332 13082 10578 11645 12467 10187 
764 2056 971 2444 1565 235 0 781 618 2111 753 568 965 1077 507 1070 465 54 323 532 984 947 894 1901 1123 2344 349 85 1676 260 290 1375 402 1231 2435 105 285 469 1324 648 1396 1914 386 153 2415 334 769 1545 11543 10638 11943 13112 11207 10759 10696 12795 10379 11964 
178 1641 551 2175 1329 1015 781 0 228 1962 709 649 924 874 534 413 1244 737 1103 844 1103 372 715 1847 994 2086 1127 863 1303 1025 493 1426 659 841 2310 795 1064 312 1294 418 805 1695 1149 629 2338 565 911 1359 10654 11387 11170 12394 10791 13279 11132 12110 12162 11296 
147 1590 457 2081 1210 845 618 228 0 1831 507 425 737 725 307 459 1068 568 936 617 897 352 546 1691 831 1988 951 694 1230 842 355 1240 434 757 2177 610 900 194 1121 214 819 1579 961 470 2193 352 695 1226 12066 12354 13195 12825 10459 11138 13382 10713 10927 13427 
1788 736 1412 444 636 2191 2111 1962 1831 0 1389 1565 1154 1107 1668 1639 2282 2067 2258 1588 1145 1606 1294 292 1015 358 2218 2123 771 2121 2049 783 1718 1138 349 2017 2252 1987 790 1632 1366 297 2149 2058 401 1826 1344 606 11991 10278 13228 12461 10155 11705 12653 11458 10779 12314 
542 1312 375 1697 814 895 753 709 507 1389 0 186 242 326 280 646 1061 704 981 332 395 514 159 1215 378 1598 962 787 932 847 660 737 353 522 1727 675 961 620 632 295 795 1171 925 676 1727 441 225 802 10152 10183 11114 11759 12502 12515 12466 10129 10413 10153 
508 1494 481 1881 999 717 568 649 425 1565 186 0 411 510 129 698 893 519 804 220 502 559 332 1378 560 1782 790 604 1114 673 493 879 168 687 1899 491 782 487 793 250 921 1353 760 495 1892 262 282 984 10332 10359 10591 11644 11189 10631 10890 12739 12598 11124 
749 1150 474 1480 609 1078 965 924 737 1154 242 411 0 205 519 774 1215 919 1156 471 231 663 221 973 169 1380 1128 988 776 1018 899 504 567 468 1488 877 1142 861 390 524 807 949 1076 905 1486 673 239 581 11931 10856 10395 10283 10738 10466 12312 13169 11638 11740 
696 988 349 1385 500 1219 1077 874 725 1107 326 510 205 0 586 641 1376 1027 1303 632 424 555 192 974 133 1287 1282 1113 608 1167 959 591 678 265 1453 1000 1284 882 437 526 611 866 1238 993 1470 758 428 504 13137 13011 11282 10675 11744 11033 12641 11727 11374 12683 
408 1552 475 1969 1084 689 507 534 307 1668 280 129 519 586 0 642 887 455 780 312 629 504 397 1492 656 1871 776 558 1174 659 381 1001 157 724 2006 449 753 359 907 175 913 1445 761 408 2004 176 410 1077 12262 11488 12516 11400 10338 12238 10867 10224 10498 12536 
318 1243 301 1806 1006 1289 1070 413 459 1639 646 698 774 641 642 0 1505 1019 1382 917 997 140 558 1569 773 1722 1390 1142 927 1276 814 1231 799 503 1986 1048 1348 643 1075 467 393 1356 1389 926 2030 768 870 1056 12340 12334 10269 10585 11035 10994 11002 12490 10889 10620 
1213 2360 1359 2662 1818 230 465 1244 1068 2282 1061 893 1215 1376 887 1505 0 507 151 746 1144 1374 1218 2035 1383 2561 117 382 1982 230 754 1504 739 1579 2577 459 193 933 1503 1054 1799 2134 139 616 2532 739 980 1777 11984 10702 11141 11143 10382 10494 11940 12374 11667 12191 
714 2004 918 2397 1516 279 54 737 568 2067 704 519 919 1027 455 1019 507 0 369 495 945 895 843 1860 1076 2297 390 127 1625 292 251 1337 354 1178 2393 91 332 427 1281 595 1344 1867 418 112 2375 281 728 1498 12593 12378 10425 10282 10724 10370 10641 13364 12804 13064 
1082 2291 1255 2624 1764 93 323 1103 936 2258 981 804 1156 1303 780 1382 151 369 0 687 1114 1254 1135 2022 1323 2523 64 243 1911 139 611 1489 641 1490 2564 336 42 792 1471 940 1690 2093 154 475 2527 621 930 1730 10624 12171 12694 13381 11545 10294 10895 11822 10560 12517 
717 1615 686 1941 1078 611 532 844 617 1588 332 220 471 632 312 917 746 495 687 0 453 778 490 1371 639 1840 658 536 1237 548 574 844 207 852 1907 432 674 630 799 466 1120 1409 608 519 1884 339 246 1044 10643 10506 11017 12377 11724 11468 13043 12067 12614 10719 
935 1279 699 1519 703 1047 984 1103 897 1145 395 502 231 424 629 997 1144 945 1114 453 0 879 439 919 336 1418 1075 987 924 976 985 393 618 688 1457 884 1108 987 360 688 1034 992 1009 958 1432 745 225 646 13038 11096 12077 10699 11292 12029 11710 12072 11420 13331 
228 1272 207 1805 970 1162 947 372 352 1606 514 559 663 555 504 140 1374 895 1254 778 879 0 444 1512 685 1717 1260 1016 932 1145 704 1140 661 473 1954 919 1221 544 991 329 468 1332 1255 808 1989 636 739 1009 11192 11434 12142 10944 12654 10384 12724 12840 11780 10519 
538 1163 262 1576 691 1049 894 715 546 1294 159 332 221 192 397 558 1218 843 1135 490 439 444 0 1145 286 1479 1119 934 783 1002 768 713 499 363 1637 822 1114 694 580 340 650 1057 1083 804 1649 570 341 693 11000 34 11248 10457 11823 12067 10786 11733 10313 10915 
1670 906 1308 735 588 1961 1901 1847 1691 292 1215 1378 973 974 1492 1569 2035 1860 2022 1371 919 1512 1145 0 860 646 1978 1905 813 1887 1870 534 1521 1070 543 1802 2019 1830 586 1483 1355 403 1905 1864 515 1638 1133 519 11940 12553 11004 12671 10487 11501 10519 11322 12367 10607 
816 983 480 1321 443 1244 1123 994 831 1015 378 560 169 133 656 773 1383 1076 1323 639 336 685 286 860 0 1222 1296 1150 611 1185 1036 458 723 368 1356 1038 1308 976 306 624 723 793 1245 1054 1364 819 406 424 10966 12960 11489 11942 11322 11610 12819 11105 12469 11368 
1922 585 1541 102 788 2450 2344 2086 1988 358 1598 1782 1380 1287 1871 1722 2561 2297 2523 1840 1418 1717 1479 646 1222 0 2488 2367 796 2384 2246 1091 1944 1246 435 2256 2513 2160 1059 1806 1391 431 2425 2274 569 2039 1595 800 12567 11960 12402 13195 12646 13088 12285 13007 13151 12242 
1096 2269 1251 2589 1735 116 349 1127 951 2218 962 790 1128 1282 776 1390 117 390 64 658 1075 1260 1119 1978 1296 2488 0 266 1889 118 639 1445 632 1477 2521 343 97 816 1433 941 1689 2059 91 500 2481 625 898 1698 11459 12176 12521 12971 11317 11833 12458 10805 12794 10433 
840 2097 1029 2467 1592 153 85 863 694 2123 787 604 988 1113 558 1142 382 127 243 536 987 1016 934 1905 1150 2367 266 0 1716 177 374 1376 436 1279 2443 113 207 552 1334 709 1459 1936 302 235 2418 390 780 1568 13120 12669 10626 11293 10344 12989 10453 11517 13180 12090 
1147 381 774 879 283 1826 1676 1303 1230 771 932 1114 776 608 1174 927 1982 1625 1911 1237 924 932 783 813 611 796 1889 1716 0 1775 1526 807 1281 474 1100 1604 1892 1414 663 1072 605 475 1844 1579 1172 1349 1015 379 12998 12079 12583 10829 12106 10133 10729 10406 13211 12215 
986 2155 1133 2485 1626 83 260 1025 842 2121 847 673 1018 1167 659 1276 230 292 139 548 976 1145 1002 1887 1185 2384 118 177 1775 0 543 1354 514 1360 2429 233 133 716 1334 825 1571 1954 127 404 2393 509 791 1592 10398 13126 12840 10565 13040 10675 11671 13418 12243 13137 
498 1898 772 2343 1458 525 290 493 355 2049 660 493 899 959 381 814 754 251 611 574 985 704 768 1870 1036 2246 639 374 1526 543 0 1370 373 1059 2386 324 572 183 1285 455 1168 1823 669 139 2384 242 761 1456 11968 13172 12735 10932 11899 12791 12447 11969 11392 12387 
1250 1091 936 1190 528 1428 1375 1426 1240 783 737 879 504 591 1001 1231 1504 1337 1489 844 393 1140 713 534 458 1091 1445 1376 807 1354 1370 0 1007 794 1076 1275 1486 1354 169 1026 1143 692 1372 1349 1043 1131 614 437 10341 11181 12757 11446 12968 12389 10607 10834 11187 12129 
553 1661 622 2044 1163 553 402 659 434 1718 353 168 567 678 157 799 739 354 641 207 618 661 499 1521 723 1944 632 436 1281 514 373 1007 0 849 2048 323 618 424 937 332 1062 1514 609 344 2035 134 394 1145 12137 13454 11013 12995 12851 11773 12491 12224 13409 10595 
678 840 301 1336 503 1401 1231 841 757 1138 522 687 468 265 724 503 1579 1178 1490 852 688 473 363 1070 368 1246 1477 1279 474 1360 1059 794 849 0 1486 1168 1466 941 627 604 356 860 1444 1122 1528 898 677 554 10820 11978 10263 11595 12992 11292 11468 10848 12532 11099 
2136 988 1760 451 985 2502 2435 2310 2177 349 1727 1899 1488 1453 2006 1986 2577 2393 2564 1907 1457 1954 1637 543 1356 435 2521 2443 1100 2429 2386 1076 2048 1486 0 2338 2561 2331 1112 1976 1701 633 2447 2390 146 2160 1666 953 12662 11735 11784 11087 12465 10630 12987 12428 13190 12232 
754 1984 922 2357 1481 244 105 795 610 2017 675 491 877 1000 449 1048 459 91 336 432 884 919 822 1802 1038 2256 343 113 1604 233 324 1275 323 1168 2338 0 305 488 1228 605 1356 1826 355 190 2316 286 673 1457 10405 10382 11654 12614 11608 12117 11150 12519 11961 10317 
1046 2272 1227 2613 1750 66 285 1064 900 2252 961 782 1142 1284 753 1348 193 332 42 674 1108 1221 1114 2019 1308 2513 97 207 1892 133 572 1486 618 1466 2561 305 0 753 1464 910 1661 2082 181 437 2526 590 919 1718 12204 13403 11119 11271 11826 11703 11355 10214 11218 12285 
326 1778 644 2255 1377 704 469 312 194 1987 620 487 861 882 359 643 933 427 792 630 987 544 694 1830 976 2160 816 552 1414 716 183 1354 424 941 2331 488 753 0 1250 357 1011 1745 841 317 2339 301 769 1385 12065 11856 11917 12388 10553 10516 11186 12894 10898 12890 
1117 976 785 1161 396 1403 1324 1294 1121 790 632 793 390 437 907 1075 1503 1281 1471 799 360 991 580 586 306 1059 1433 1334 663 1334 1285 169 937 627 1112 1228 1464 1250 0 909 974 637 1368 1280 1100 1053 555 317 10259 13122 10428 13109 12874 12221 11641 10388 12816 11038 
261 1443 325 1901 1021 848 648 418 214 1632 295 250 524 526 175 467 1054 595 940 466 688 329 340 1483 624 1806 941 709 1072 825 455 1026 332 604 1976 605 910 357 909 0 751 1389 931 525 1988 320 495 1029 11425 10860 10399 12142 13123 12894 11433 12527 11965 12636 
692 872 442 1467 768 1598 1396 805 819 1366 795 921 807 611 913 393 1799 1344 1690 1120 1034 468 650 1355 723 1391 1689 1459 605 1571 1168 1143 1062 356 1701 1356 1661 1011 974 751 0 1071 1671 1264 1766 1071 989 843 10169 10973 10936 12433 10978 12927 12524 10605 11451 11948 
1525 504 1144 532 370 2019 1914 1695 1579 297 1171 1353 949 866 1445 1356 2134 1867 2093 1409 992 1332 1057 403 793 431 2059 1936 475 1954 1823 692 1514 860 633 1826 2082 1745 637 1389 1071 0 1997 1846 698 1611 1164 370 11626 11494 13155 12472 12822 12411 10415 12691 12176 11986 
1104 2223 1231 2526 1680 174 386 1149 961 2149 925 760 1076 1238 761 1389 139 418 154 608 1009 1255 1083 1905 1245 2425 91 302 1844 127 669 1372 609 1444 2447 355 181 841 1368 931 1671 1997 0 530 2405 622 842 1640 12547 10279 10376 10254 11113 13325 11762 12929 10125 10853 
616 1957 850 2373 1489 387 153 629 470 2058 676 495 905 993 408 926 616 112 475 519 958 808 804 1864 1054 2274 500 235 1579 404 139 1349 344 1122 2390 190 437 317 1280 525 1264 1846 530 0 2379 236 735 1477 12718 11940 10288 11141 12980 10816 11233 13314 12494 10638 
2162 1098 1790 594 1025 2468 2415 2338 2193 401 1727 1892 1486 1470 2004 2030 2532 2375 2527 1884 1432 1989 1649 515 1364 569 2481 2418 1172 2393 2384 1043 2035 1528 146 2316 2526 2339 1100 1988 1766 698 2405 2379 0 2152 1647 981 13367 12304 10526 10915 12897 11840 10588 12451 10612 10423 
488 1727 640 2138 1253 528 334 565 352 1826 441 262 673 758 176 768 739 281 621 339 745 636 570 1638 819 2039 625 390 1349 509 242 1131 134 898 2160 286 590 301 1053 320 1071 1611 622 236 2152 0 520 1242 11834 12609 10630 13007 10998 12142 12911 12624 10460 12857 
753 1388 591 1695 839 856 769 911 695 1344 225 282 239 428 410 870 980 728 930 246 225 739 341 1133 406 1595 898 780 1015 791 761 614 394 677 1666 673 919 769 555 495 989 1164 842 735 1647 520 0 801 13461 13433 11429 11997 11592 10760 12425 10740 11099 13434 
1184 661 810 900 97 1654 1545 1359 1226 606 802 984 581 504 1077 1056 1777 1498 1730 1044 646 1009 693 519 424 800 1698 1568 379 1592 1456 437 1145 554 953 1457 1718 1385 317 1029 843 370 1640 1477 981 1242 801 0 11267 12222 11533 11037 12800 12625 13461 11920 13363 11613 
12191 10545 11411 10438 10401 10366 11543 10654 12066 11991 10152 10332 11931 13137 12262 12340 11984 12593 10624 10643 13038 11192 11000 11940 10966 12567 11459 13120 12998 10398 11968 10341 12137 10820 12662 10405 12204 12065 10259 11425 10169 11626 12547 12718 13367 11834 13461 11267 0 1734 3077 221 2839 3077 2839 51 2618 3366 
11977 12217 12722 13288 11133 11319 10638 11387 12354 10278 10183 10359 10856 13011 11488 12334 10702 12378 12171 10506 11096 11434 34 12553 12960 11960 12176 12669 12079 13126 13172 11181 13454 11978 11735 10382 13403 11856 13122 10860 10973 11494 10279 11940 12304 12609 13433 12222 1734 0 306 1207 2890 2805 2805 2890 2142 2805 
10848 13245 13370 12529 10136 11865 11943 11170 13195 13228 11114 10591 10395 11282 12516 10269 11141 10425 12694 11017 12077 12142 11248 11004 11489 12402 12521 10626 12583 12840 12735 12757 11013 10263 11784 11654 11119 11917 10428 10399 10936 13155 10376 10288 10526 10630 11429 11533 3077 306 0 2618 0 3077 2176 2618 2890 3366 
12116 13449 13299 13010 11247 13091 13112 12394 12825 12461 11759 11644 10283 10675 11400 10585 11143 10282 13381 12377 10699 10944 10457 12671 11942 13195 12971 11293 10829 10565 10932 11446 12995 11595 11087 12614 11271 12388 13109 12142 12433 12472 10254 11141 10915 13007 11997 11037 221 1207 2618 0 1207 1309 221 1207 221 527 
10606 12214 11345 10976 11428 11332 11207 10791 10459 10155 12502 11189 10738 11744 10338 11035 10382 10724 11545 11724 11292 12654 11823 10487 11322 12646 11317 10344 12106 13040 11899 12968 12851 12992 12465 11608 11826 10553 12874 13123 10978 12822 11113 12980 12897 10998 11592 12800 2839 2890 0 1207 0 0 561 2890 1462 2176 
10856 11554 13066 12971 10566 13082 10759 13279 11138 11705 12515 10631 10466 11033 12238 10994 10494 10370 10294 11468 12029 10384 12067 11501 11610 13088 11833 12989 10133 10675 12791 12389 11773 11292 10630 12117 11703 10516 12221 12894 12927 12411 13325 10816 11840 12142 10760 12625 3077 2805 3077 1309 0 0 1513 2210 595 3366 
10661 13154 12113 13102 11169 10578 10696 11132 13382 12653 12466 10890 12312 12641 10867 11002 11940 10641 10895 13043 11710 12724 10786 10519 12819 12285 12458 10453 10729 11671 12447 10607 12491 11468 12987 11150 11355 11186 11641 11433 12524 10415 11762 11233 10588 12911 12425 13461 2839 2805 2176 221 561 1513 0 2584 595 1513 
11227 13412 27 12705 10462 11645 12795 12110 10713 11458 10129 12739 13169 11727 10224 12490 12374 13364 11822 12067 12072 12840 11733 11322 11105 13007 10805 11517 10406 13418 11969 10834 12224 10848 12428 12519 10214 12894 10388 12527 10605 12691 12929 13314 12451 12624 10740 11920 51 2890 2618 1207 2890 2210 2584 0 493 2380 
11651 12533 13201 10774 11487 12467 10379 12162 10927 10779 10413 12598 11638 11374 10498 10889 11667 12804 10560 12614 11420 11780 10313 12367 12469 13151 12794 13180 13211 12243 11392 11187 13409 12532 13190 11961 11218 10898 12816 11965 11451 12176 10125 12494 10612 10460 11099 13363 2618 2142 2890 221 1462 595 595 493 0 799 
10526 11078 12748 10267 11561 10187 11964 11296 13427 12314 10153 11124 11740 12683 12536 10620 12191 13064 12517 10719 13331 10519 10915 10607 11368 12242 10433 12090 12215 13137 12387 12129 10595 11099 12232 10317 12285 12890 11038 12636 11948 11986 10853 10638 10423 12857 13434 11613 3366 2805 3366 527 2176 3366 1513 2380 799 0 
