0 1495 381 2012 1157 990 764 178 147 1788 542 508 749 696 408 318 1213 714 1082 717 935 228 538 1670 816 1922 1096 840 1147 986 498 1250 553 678 2136 754 1046 326 1117 261 692 1525 1104 616 2162 488 753 1184 10258 10188 11106 10175 10117 10197 11093 8929 10832 9893 
1495 0 1135 637 583 2207 2056 1641 1590 736 1312 1494 1150 988 1552 1243 2360 2004 2291 1615 1279 1272 1163 906 983 585 2269 2097 381 2155 1898 1091 1661 840 988 1984 2272 1778 976 1443 872 504 2223 1957 1098 1727 1388 661 9106 10799 9927 10661 10327 9100 10288 8994 10067 10179 
381 1135 0 1633 778 1163 971 551 457 1412 375 481 474 349 475 301 1359 918 1255 686 699 207 262 1308 480 1541 1251 1029 774 1133 772 936 622 301 1760 922 1227 644 785 325 442 1144 1231 850 1790 640 591 810 10994 9767 9904 8970 10928 11170 11189 9074 10721 11223 
2012 637 1633 0 886 2550 2444 2175 2081 444 1697 1881 1480 1385 1969 1806 2662 2397 2624 1941 1519 1805 1576 735 1321 102 2589 2467 879 2485 2343 1190 2044 1336 451 2357 2613 2255 1161 1901 1467 532 2526 2373 594 2138 1695 900 10833 9492 11240 10410 9619 9976 8853 8810 10076 10742 
1157 583 778 886 0 1686 1565 1329 1210 636 814 999 609 500 1084 1006 1818 1516 1764 1078 703 970 691 588 443 788 1735 1592 283 1626 1458 528 1163 503 985 1481 1750 1377 396 1021 768 370 1680 1489 1025 1253 839 97 10724 9402 11058 10804 11061 10351 11166 10670 9893 9134 
990 2207 1163 2550 1686 0 235 1015 845 2191 895 717 1078 1219 689 1289 230 279 93 611 1047 1162 1049 1961 1244 2450 116 153 1826 83 525 1428 553 1401 2502 244 66 704 1403 848 1598 2019 174 387 2468 528 856 1654 9216 9013 8938 10680 9209 9968 32 10617 10264 10489 
764 2056 971 2444 1565 235 0 781 618 2111 753 568 965 1077 507 1070 465 54 323 532 984 947 894 1901 1123 2344 349 85 1676 260 290 1375 402 1231 2435 105 285 469 1324 648 1396 1914 386 153 2415 334 769 1545 10612 11234 8962 9672 9367 8791 10998 10455 10898 10403 
178 1641 551 2175 1329 1015 781 0 228 1962 709 649 924 874 534 413 1244 737 1103 844 1103 372 715 1847 994 2086 1127 863 1303 1025 493 1426 659 841 2310 795 1064 312 1294 418 805 1695 1149 629 2338 565 911 1359 9894 11189 9465 11338 8992 9292 10391 8588 10616 9526 
147 1590 457 2081 1210 845 618 228 0 1831 507 425 737 725 307 459 1068 568 936 617 897 352 546 1691 831 1988 951 694 1230 842 355 1240 434 757 2177 610 900 194 1121 214 819 1579 961 470 2193 352 695 1226 9651 10096 8740 9984 8579 9919 10883 11303 9201 10306 
1788 736 1412 444 636 2191 2111 1962 1831 0 1389 1565 1154 1107 1668 1639 2282 2067 2258 1588 1145 1606 1294 292 1015 358 2218 2123 771 2121 2049 783 1718 1138 349 2017 2252 1987 790 1632 1366 297 2149 2058 401 1826 1344 606 8751 9186 8509 10819 9413 9010 11221 10699 9860 9427 
542 1312 375 1697 814 895 753 709 507 1389 0 186 242 326 280 646 1061 704 981 332 395 514 159 1215 378 1598 962 787 932 847 660 737 353 522 1727 675 961 620 632 295 795 1171 925 676 1727 441 225 802 10963 9423 9103 9279 10505 10190 10569 11266 9866 10693 
508 1494 481 1881 999 717 568 649 425 1565 186 0 411 510 129 698 893 519 804 220 502 559 332 1378 560 1782 790 604 1114 673 493 879 168 687 1899 491 782 487 793 250 921 1353 760 495 1892 262 282 984 9023 10773 9450 10436 9292 8796 10611 10253 10630 9358 
749 1150 474 1480 609 1078 965 924 737 1154 242 411 0 205 519 774 1215 919 1156 471 231 663 221 973 169 1380 1128 988 776 1018 899 504 567 468 1488 877 1142 861 390 524 807 949 1076 905 1486 673 239 581 9895 10820 10299 10059 9495 10904 10803 10324 10111 8792 
696 988 349 1385 500 1219 1077 874 725 1107 326 510 205 0 586 641 1376 1027 1303 632 424 555 192 974 133 1287 1282 1113 608 1167 959 591 678 265 1453 1000 1284 882 437 526 611 866 1238 993 1470 758 428 504 10574 9093 10573 10108 10526 9880 10017 8854 8882 11096 
408 1552 475 1969 1084 689 507 534 307 1668 280 129 519 586 0 642 887 455 780 312 629 504 397 1492 656 1871 776 558 1174 659 381 1001 157 724 2006 449 753 359 907 175 913 1445 761 408 2004 176 410 1077 10389 8952 9675 11308 10269 10784 9441 8716 9952 8519 
318 1243 301 1806 1006 1289 1070 413 459 1639 646 698 774 641 642 0 1505 1019 1382 917 997 140 558 1569 773 1722 1390 1142 927 1276 814 1231 799 503 1986 1048 1348 643 1075 467 393 1356 1389 926 2030 768 870 1056 11109 10638 10131 8843 10490 9192 10075 10400 10355 9187 
1213 2360 1359 2662 1818 230 465 1244 1068 2282 1061 893 1215 1376 887 1505 0 507 151 746 1144 1374 1218 2035 1383 2561 117 382 1982 230 754 1504 739 1579 2577 459 193 933 1503 1054 1799 2134 139 616 2532 739 980 1777 9415 11304 10145 11109 9851 10847 9333 11303 10817 9719 
714 2004 918 2397 1516 279 54 737 568 2067 704 519 919 1027 455 1019 507 0 369 495 945 895 843 1860 1076 2297 390 127 1625 292 251 1337 354 1178 2393 91 332 427 1281 595 1344 1867 418 112 2375 281 728 1498 9588 10093 9885 10408 11319 9094 8882 8891 8724 10696 
1082 2291 1255 2624 1764 93 323 1103 936 2258 981 804 1156 1303 780 1382 151 369 0 687 1114 1254 1135 2022 1323 2523 64 243 1911 139 611 1489 641 1490 2564 336 42 792 1471 940 1690 2093 154 475 2527 621 930 1730 9665 9739 10674 10942 9838 8760 8731 10800 11271 8773 
717 1615 686 1941 1078 611 532 844 617 1588 332 220 471 632 312 917 746 495 687 0 453 778 490 1371 639 1840 658 536 1237 548 574 844 207 852 1907 432 674 630 799 466 1120 1409 608 519 1884 339 246 1044 8671 10859 9526 9252 10067 11053 11111 8832 10382 8877 
935 1279 699 1519 703 1047 984 1103 897 1145 395 502 231 424 629 997 1144 945 1114 453 0 879 439 919 336 1418 1075 987 924 976 985 393 618 688 1457 884 1108 987 360 688 1034 992 1009 958 1432 745 225 646 10410 8660 9889 11090 11017 8716 9109 10379 9106 9133 
228 1272 207 1805 970 1162 947 372 352 1606 514 559 663 555 504 140 1374 895 1254 778 879 0 444 1512 685 1717 1260 1016 932 1145 704 1140 661 473 1954 919 1221 544 991 329 468 1332 1255 808 1989 636 739 1009 10381 10609 10551 10534 11157 8607 9041 10118 11071 11018 
538 1163 262 1576 691 1049 894 715 546 1294 159 332 221 192 397 558 1218 843 1135 490 439 444 0 1145 286 1479 1119 934 783 1002 768 713 499 363 1637 822 1114 694 580 340 650 1057 1083 804 1649 570 341 693 8864 8999 10825 10799 8606 9376 9160 9887 10524 11210 
1670 906 1308 735 588 1961 1901 1847 1691 292 1215 1378 973 974 1492 1569 2035 1860 2022 1371 919 1512 1145 0 860 646 1978 1905 813 1887 1870 534 1521 1070 543 1802 2019 1830 586 1483 1355 403 1905 1864 515 1638 1133 519 9305 8716 9445 10168 8520 9348 9650 10356 10285 8539 
816 983 480 1321 443 1244 1123 994 831 1015 378 560 169 133 656 773 1383 1076 1323 639 336 685 286 860 0 1222 1296 1150 611 1185 1036 458 723 368 1356 1038 1308 976 306 624 723 793 1245 1054 1364 819 406 424 9887 10508 9655 9343 8687 10197 10206 8956 10388 8840 
1922 585 1541 102 788 2450 2344 2086 1988 358 1598 1782 1380 1287 1871 1722 2561 2297 2523 1840 1418 1717 1479 646 1222 0 2488 2367 796 2384 2246 1091 1944 1246 435 2256 2513 2160 1059 1806 1391 431 2425 2274 569 2039 1595 800 9905 9952 8745 11256 11250 11280 10006 9256 9885 9420 
1096 2269 1251 2589 1735 116 349 1127 951 2218 962 790 1128 1282 776 1390 117 390 64 658 1075 1260 1119 1978 1296 2488 0 266 1889 118 639 1445 632 1477 2521 343 97 816 1433 941 1689 2059 91 500 2481 625 898 1698 9291 10464 10033 10762 10394 9458 10245 8640 9072 9594 
840 2097 1029 2467 1592 153 85 863 694 2123 787 604 988 1113 558 1142 382 127 243 536 987 1016 934 1905 1150 2367 266 0 1716 177 374 1376 436 1279 2443 113 207 552 1334 709 1459 1936 302 235 2418 390 780 1568 46 8960 8583 10537 9573 11135 11008 8573 8960 10735 
1147 381 774 879 283 1826 1676 1303 1230 771 932 1114 776 608 1174 927 1982 1625 1911 1237 924 932 783 813 611 796 1889 1716 0 1775 1526 807 1281 474 1100 1604 1892 1414 663 1072 605 475 1844 1579 1172 1349 1015 379 9789 11049 9133 9791 11196 10455 8729 10640 10528 9705 
986 2155 1133 2485 1626 83 260 1025 842 2121 847 673 1018 1167 659 1276 230 292 139 548 976 1145 1002 1887 1185 2384 118 177 1775 0 543 1354 514 1360 2429 233 133 716 1334 825 1571 1954 127 404 2393 509 791 1592 9707 9281 10873 11177 10819 10331 8510 10642 11031 8933 
498 1898 772 2343 1458 525 290 493 355 2049 660 493 899 959 381 814 754 251 611 574 985 704 768 1870 1036 2246 639 374 1526 543 0 1370 373 1059 2386 324 572 183 1285 455 1168 1823 669 139 2384 242 761 1456 10019 9681 9580 8974 10177 9279 10934 10361 11044 9746 
1250 1091 936 1190 528 1428 1375 1426 1240 783 737 879 504 591 1001 1231 1504 1337 1489 844 393 1140 713 534 458 1091 1445 1376 807 1354 1370 0 1007 794 1076 1275 1486 1354 169 1026 1143 692 1372 1349 1043 1131 614 437 10932 8559 9478 8869 9083 10486 10389 11239 9020 9890 
553 1661 622 2044 1163 553 402 659 434 1718 353 168 567 678 157 799 739 354 641 207 618 661 499 1521 723 1944 632 436 1281 514 373 1007 0 849 2048 323 618 424 937 332 1062 1514 609 344 2035 134 394 1145 11178 11093 9382 9655 9033 11191 8731 10292 10638 9809 
678 840 301 1336 503 1401 1231 841 757 1138 522 687 468 265 724 503 1579 1178 1490 852 688 473 363 1070 368 1246 1477 1279 474 1360 1059 794 849 0 1486 1168 1466 941 627 604 356 860 1444 1122 1528 898 677 554 9454 10284 8668 11148 8568 10588 11005 10174 8729 10927 
2136 988 1760 451 985 2502 2435 2310 2177 349 1727 1899 1488 1453 2006 1986 2577 2393 2564 1907 1457 1954 1637 543 1356 435 2521 2443 1100 2429 2386 1076 2048 1486 0 2338 2561 2331 1112 1976 1701 633 2447 2390 146 2160 1666 953 10983 9051 8747 10100 10849 10673 8734 9370 9939 10801 
754 1984 922 2357 1481 244 105 795 610 2017 675 491 877 1000 449 1048 459 91 336 432 884 919 822 1802 1038 2256 343 113 1604 233 324 1275 323 1168 2338 0 305 488 1228 605 1356 1826 355 190 2316 286 673 1457 10027 8661 10129 10572 11137 10407 10779 11014 10847 10101 
1046 2272 1227 2613 1750 66 285 1064 900 2252 961 782 1142 1284 753 1348 193 332 42 674 1108 1221 1114 2019 1308 2513 97 207 1892 133 572 1486 618 1466 2561 305 0 753 1464 910 1661 2082 181 437 2526 590 919 1718 10822 10056 10743 9612 8803 10618 10936 10428 8768 9774 
326 1778 644 2255 1377 704 469 312 194 1987 620 487 861 882 359 643 933 427 792 630 987 544 694 1830 976 2160 816 552 1414 716 183 1354 424 941 2331 488 753 0 1250 357 1011 1745 841 317 2339 301 769 1385 10538 11329 8550 10794 9392 11285 8876 9803 10511 9937 
1117 976 785 1161 396 1403 1324 1294 1121 790 632 793 390 437 907 1075 1503 1281 1471 799 360 991 580 586 306 1059 1433 1334 663 1334 1285 169 937 627 1112 1228 1464 1250 0 909 974 637 1368 1280 1100 1053 555 317 10026 10082 9956 8774 8983 11290 9658 9751 9769 10368 
261 1443 325 1901 1021 848 648 418 214 1632 295 250 524 526 175 467 1054 595 940 466 688 329 340 1483 624 1806 941 709 1072 825 455 1026 332 604 1976 605 910 357 909 0 751 1389 931 525 1988 320 495 1029 10245 10016 11295 9330 10133 9216 9270 11260 11035 9357 
692 872 442 1467 768 1598 1396 805 819 1366 795 921 807 611 913 393 1799 1344 1690 1120 1034 468 650 1355 723 1391 1689 1459 605 1571 1168 1143 1062 356 1701 1356 1661 1011 974 751 0 1071 1671 1264 1766 1071 989 843 9113 9374 9788 9581 9199 9112 10803 10089 9432 10392 
1525 504 1144 532 370 2019 1914 1695 1579 297 1171 1353 949 866 1445 1356 2134 1867 2093 1409 992 1332 1057 403 793 431 2059 1936 475 1954 1823 692 1514 860 633 1826 2082 1745 637 1389 1071 0 1997 1846 698 1611 1164 370 9552 9611 9135 10703 8709 9729 10622 9573 10389 11008 
1104 2223 1231 2526 1680 174 386 1149 961 2149 925 760 1076 1238 761 1389 139 418 154 608 1009 1255 1083 1905 1245 2425 91 302 1844 127 669 1372 609 1444 2447 355 181 841 1368 931 1671 1997 0 530 2405 622 842 1640 8670 8638 10685 9769 10226 8942 9878 9356 8655 10603 
616 1957 850 2373 1489 387 153 629 470 2058 676 495 905 993 408 926 616 112 475 519 958 808 804 1864 1054 2274 500 235 1579 404 139 1349 344 1122 2390 190 437 317 1280 525 1264 1846 530 0 2379 236 735 1477 11222 10309 9204 8975 11332 10354 10559 10767 8603 9572 
2162 1098 1790 594 1025 2468 2415 2338 2193 401 1727 1892 1486 1470 2004 2030 2532 2375 2527 1884 1432 1989 1649 515 1364 569 2481 2418 1172 2393 2384 1043 2035 1528 146 2316 2526 2339 1100 1988 1766 698 2405 2379 0 2152 1647 981 9025 9647 10633 10584 10407 11197 10194 9630 9248 9935 
488 1727 640 2138 1253 528 334 565 352 1826 441 262 673 758 176 768 739 281 621 339 745 636 570 1638 819 2039 625 390 1349 509 242 1131 134 898 2160 286 590 301 1053 320 1071 1611 622 236 2152 0 520 1242 9510 9950 9789 10666 11062 10284 8576 10665 10445 10563 
753 1388 591 1695 839 856 769 911 695 1344 225 282 239 428 410 870 980 728 930 246 225 739 341 1133 406 1595 898 780 1015 791 761 614 394 677 1666 673 919 769 555 495 989 1164 842 735 1647 520 0 801 10208 11073 10640 9019 11262 10449 10583 10776 10533 8765 
1184 661 810 900 97 1654 1545 1359 1226 606 802 984 581 504 1077 1056 1777 1498 1730 1044 646 1009 693 519 424 800 1698 1568 379 1592 1456 437 1145 554 953 1457 1718 1385 317 1029 843 370 1640 1477 981 1242 801 0 9299 10049 10039 9356 10426 9399 11250 9505 9190 11108 
10258 9106 10994 10833 10724 9216 10612 9894 9651 8751 10963 9023 9895 10574 10389 11109 9415 9588 9665 8671 10410 10381 8864 9305 9887 9905 9291 46 9789 9707 10019 10932 11178 9454 10983 10027 10822 10538 10026 10245 9113 9552 8670 11222 9025 9510 10208 9299 0 30 30 420 600 30 270 420 30 2790 
10188 10799 9767 9492 9402 9013 11234 11189 10096 9186 9423 10773 10820 9093 8952 10638 11304 10093 9739 10859 8660 10609 8999 8716 10508 9952 10464 8960 11049 9281 9681 8559 11093 10284 9051 8661 10056 11329 10082 10016 9374 9611 8638 10309 9647 9950 11073 10049 30 0 1680 1890 2265 1680 270 1500 1350 270 
11106 9927 9904 11240 11058 8938 8962 9465 8740 8509 9103 9450 10299 10573 9675 10131 10145 9885 10674 9526 9889 10551 10825 9445 9655 8745 10033 8583 9133 10873 9580 9478 9382 8668 8747 10129 10743 8550 9956 11295 9788 9135 10685 9204 10633 9789 10640 10039 30 1680 0 1890 255 1680 1290 1620 975 1230 
10175 10661 8970 10410 10804 10680 9672 11338 9984 10819 9279 10436 10059 10108 11308 8843 11109 10408 10942 9252 11090 10534 10799 10168 9343 11256 10762 10537 9791 11177 8974 8869 9655 11148 10100 10572 9612 10794 8774 9330 9581 10703 9769 8975 10584 10666 9019 9356 420 1890 1890 0 255 1620 1890 705 990 1230 
10117 10327 10928 9619 11061 9209 9367 8992 8579 9413 10505 9292 9495 10526 10269 10490 9851 11319 9838 10067 11017 11157 8606 8520 8687 11250 10394 9573 11196 10819 10177 9083 9033 8568 10849 11137 8803 9392 8983 10133 9199 8709 10226 11332 10407 11062 11262 10426 600 2265 255 255 0 1875 1890 2295 1380 255 
10197 9100 11170 9976 10351 9968 8791 9292 9919 9010 10190 8796 10904 9880 10784 9192 10847 9094 8760 11053 8716 8607 9376 9348 10197 11280 9458 11135 10455 10331 9279 10486 11191 10588 10673 10407 10618 11285 11290 9216 9112 9729 8942 10354 11197 10284 10449 9399 30 1680 1680 1620 1875 0 2190 2835 1440 2190 
11093 10288 11189 8853 11166 32 10998 10391 10883 11221 10569 10611 10803 10017 9441 10075 9333 8882 8731 11111 9109 9041 9160 9650 10206 10006 10245 11008 8729 8510 10934 10389 8731 11005 8734 10779 10936 8876 9658 9270 10803 10622 9878 10559 10194 8576 10583 11250 270 270 1290 1890 1890 2190 0 705 405 1290 
8929 8994 9074 8810 10670 10617 10455 8588 11303 10699 11266 10253 10324 8854 8716 10400 11303 8891 10800 8832 10379 10118 9887 10356 8956 9256 8640 8573 10640 10642 10361 11239 10292 10174 9370 11014 10428 9803 9751 11260 10089 9573 9356 10767 9630 10665 10776 9505 420 1500 1620 705 2295 2835 705 0 2175 705 
10832 10067 10721 10076 9893 10264 10898 10616 9201 9860 9866 10630 10111 8882 9952 10355 10817 8724 11271 10382 9106 11071 10524 10285 10388 9885 9072 8960 10528 11031 11044 9020 10638 8729 9939 10847 8768 10511 9769 11035 9432 10389 8655 8603 9248 10445 10533 9190 30 1350 975 990 1380 1440 405 2175 0 1065 
9893 10179 11223 10742 9134 10489 10403 9526 10306 9427 10693 9358 8792 11096 8519 9187 9719 10696 8773 8877 9133 11018 11210 8539 8840 9420 9594 10735 9705 8933 9746 9890 9809 10927 10801 10101 9774 9937 10368 9357 10392 11008 10603 9572 9935 10563 8765 11108 2790 270 1230 1230 255 2190 1290 705 1065 0 

0 1495 381 2012 1157 990 764 178 147 1788 542 508 749 696 408 318 1213 714 1082 717 935 228 538 1670 816 1922 1096 840 1147 986 498 1250 553 678 2136 754 1046 326 1117 261 692 1525 1104 616 2162 488 753 1184 9410 10980 9340 9680 10667 9668 8969 10223 9591 9245 
1495 0 1135 637 583 2207 2056 1641 1590 736 1312 1494 1150 988 1552 1243 2360 2004 2291 1615 1279 1272 1163 906 983 585 2269 2097 381 2155 1898 1091 1661 840 988 1984 2272 1778 976 1443 872 504 2223 1957 1098 1727 1388 661 10160 9734 10420 9973 8825 9878 10966 10493 11152 11171 
381 1135 0 1633 778 1163 971 551 457 1412 375 481 474 349 475 301 1359 918 1255 686 699 207 262 1308 480 1541 1251 1029 774 1133 772 936 622 301 1760 922 1227 644 785 325 442 1144 1231 850 1790 640 591 810 9559 9144 10846 11090 8745 11220 9426 9482 10959 9182 
2012 637 1633 0 886 2550 2444 2175 2081 444 1697 1881 1480 1385 1969 1806 2662 2397 2624 1941 1519 1805 1576 735 1321 102 2589 2467 879 2485 2343 1190 2044 1336 451 2357 2613 2255 1161 1901 1467 532 2526 2373 594 2138 1695 900 10653 9868 8740 9628 11306 10370 10282 8612 8978 8892 
1157 583 778 886 0 1686 1565 1329 1210 636 814 999 609 500 1084 1006 1818 1516 1764 1078 703 970 691 588 443 788 1735 1592 283 1626 1458 528 1163 503 985 1481 1750 1377 396 1021 768 370 1680 1489 1025 1253 839 97 9694 9617 10388 10960 11175 9593 9135 11058 9524 9150 
990 2207 1163 2550 1686 0 235 1015 845 2191 895 717 1078 1219 689 1289 230 279 93 611 1047 1162 1049 1961 1244 2450 116 153 1826 83 525 1428 553 1401 2502 244 66 704 1403 848 1598 2019 174 387 2468 528 856 1654 9972 10354 9692 9258 10689 11190 54 10246 10238 10247 
764 2056 971 2444 1565 235 0 781 618 2111 753 568 965 1077 507 1070 465 54 323 532 984 947 894 1901 1123 2344 349 85 1676 260 290 1375 402 1231 2435 105 285 469 1324 648 1396 1914 386 153 2415 334 769 1545 10375 9940 9684 8881 10419 11080 8831 9790 9053 10030 
178 1641 551 2175 1329 1015 781 0 228 1962 709 649 924 874 534 413 1244 737 1103 844 1103 372 715 1847 994 2086 1127 863 1303 1025 493 1426 659 841 2310 795 1064 312 1294 418 805 1695 1149 629 2338 565 911 1359 9365 8720 9972 8963 8956 10577 8961 11135 10215 10273 
147 1590 457 2081 1210 845 618 228 0 1831 507 425 737 725 307 459 1068 568 936 617 897 352 546 1691 831 1988 951 694 1230 842 355 1240 434 757 2177 610 900 194 1121 214 819 1579 961 470 2193 352 695 1226 10345 9060 10569 9971 9823 9209 11148 10372 9896 8668 
1788 736 1412 444 636 2191 2111 1962 1831 0 1389 1565 1154 1107 1668 1639 2282 2067 2258 1588 1145 1606 1294 292 1015 358 2218 2123 771 2121 2049 783 1718 1138 349 2017 2252 1987 790 1632 1366 297 2149 2058 401 1826 1344 606 9052 10690 8648 8890 9087 9026 10094 10903 8576 9101 
542 1312 375 1697 814 895 753 709 507 1389 0 186 242 326 280 646 1061 704 981 332 395 514 159 1215 378 1598 962 787 932 847 660 737 353 522 1727 675 961 620 632 295 795 1171 925 676 1727 441 225 802 9554 10061 8799 9608 9724 9391 9482 9677 10326 9242 
508 1494 481 1881 999 717 568 649 425 1565 186 0 411 510 129 698 893 519 804 220 502 559 332 1378 560 1782 790 604 1114 673 493 879 168 687 1899 491 782 487 793 250 921 1353 760 495 1892 262 282 984 11278 9431 9091 9064 10309 8735 9456 9853 10283 11142 
749 1150 474 1480 609 1078 965 924 737 1154 242 411 0 205 519 774 1215 919 1156 471 231 663 221 973 169 1380 1128 988 776 1018 899 504 567 468 1488 877 1142 861 390 524 807 949 1076 905 1486 673 239 581 8820 11072 9470 8739 11127 9060 9284 10080 10937 10989 
696 988 349 1385 500 1219 1077 874 725 1107 326 510 205 0 586 641 1376 1027 1303 632 424 555 192 974 133 1287 1282 1113 608 1167 959 591 678 265 1453 1000 1284 882 437 526 611 866 1238 993 1470 758 428 504 9762 8947 9352 10081 11303 10622 11315 11203 8849 11194 
408 1552 475 1969 1084 689 507 534 307 1668 280 129 519 586 0 642 887 455 780 312 629 504 397 1492 656 1871 776 558 1174 659 381 1001 157 724 2006 449 753 359 907 175 913 1445 761 408 2004 176 410 1077 10096 10481 10162 8556 8905 8737 9235 9278 9635 8872 
318 1243 301 1806 1006 1289 1070 413 459 1639 646 698 774 641 642 0 1505 1019 1382 917 997 140 558 1569 773 1722 1390 1142 927 1276 814 1231 799 503 1986 1048 1348 643 1075 467 393 1356 1389 926 2030 768 870 1056 9285 11280 9865 10067 10511 9899 9755 11154 8980 9599 
1213 2360 1359 2662 1818 230 465 1244 1068 2282 1061 893 1215 1376 887 1505 0 507 151 746 1144 1374 1218 2035 1383 2561 117 382 1982 230 754 1504 739 1579 2577 459 193 933 1503 1054 1799 2134 139 616 2532 739 980 1777 10144 9267 9334 8831 10771 9566 9568 9734 8689 8563 
714 2004 918 2397 1516 279 54 737 568 2067 704 519 919 1027 455 1019 507 0 369 495 945 895 843 1860 1076 2297 390 127 1625 292 251 1337 354 1178 2393 91 332 427 1281 595 1344 1867 418 112 2375 281 728 1498 9680 11010 10672 10798 10858 10987 9603 11260 10696 9399 
1082 2291 1255 2624 1764 93 323 1103 936 2258 981 804 1156 1303 780 1382 151 369 0 687 1114 1254 1135 2022 1323 2523 64 243 1911 139 611 1489 641 1490 2564 336 42 792 1471 940 1690 2093 154 475 2527 621 930 1730 10073 8841 10382 11155 10841 9356 9496 10491 11130 8890 
717 1615 686 1941 1078 611 532 844 617 1588 332 220 471 632 312 917 746 495 687 0 453 778 490 1371 639 1840 658 536 1237 548 574 844 207 852 1907 432 674 630 799 466 1120 1409 608 519 1884 339 246 1044 10245 10191 11262 11263 9769 9930 11150 10597 10677 11282 
935 1279 699 1519 703 1047 984 1103 897 1145 395 502 231 424 629 997 1144 945 1114 453 0 879 439 919 336 1418 1075 987 924 976 985 393 618 688 1457 884 1108 987 360 688 1034 992 1009 958 1432 745 225 646 10992 9899 10155 10642 9001 9270 9438 9867 10862 10556 
228 1272 207 1805 970 1162 947 372 352 1606 514 559 663 555 504 140 1374 895 1254 778 879 0 444 1512 685 1717 1260 1016 932 1145 704 1140 661 473 1954 919 1221 544 991 329 468 1332 1255 808 1989 636 739 1009 9147 11035 9671 11175 10112 8677 9572 10403 10715 10360 
538 1163 262 1576 691 1049 894 715 546 1294 159 332 221 192 397 558 1218 843 1135 490 439 444 0 1145 286 1479 1119 934 783 1002 768 713 499 363 1637 822 1114 694 580 340 650 1057 1083 804 1649 570 341 693 8511 10303 9779 8588 9593 9413 11018 8623 10330 10382 
1670 906 1308 735 588 1961 1901 1847 1691 292 1215 1378 973 974 1492 1569 2035 1860 2022 1371 919 1512 1145 0 860 646 1978 1905 813 1887 1870 534 1521 1070 543 1802 2019 1830 586 1483 1355 403 1905 1864 515 1638 1133 519 10714 9327 9083 10096 10465 9922 10282 8689 9893 8523 
816 983 480 1321 443 1244 1123 994 831 1015 378 560 169 133 656 773 1383 1076 1323 639 336 685 286 860 0 1222 1296 1150 611 1185 1036 458 723 368 1356 1038 1308 976 306 624 723 793 1245 1054 1364 819 406 424 10775 9170 10502 11006 10274 10747 10908 11206 10992 10653 
1922 585 1541 102 788 2450 2344 2086 1988 358 1598 1782 1380 1287 1871 1722 2561 2297 2523 1840 1418 1717 1479 646 1222 0 2488 2367 796 2384 2246 1091 1944 1246 435 2256 2513 2160 1059 1806 1391 431 2425 2274 569 2039 1595 800 9155 8918 9927 8881 10771 11103 11260 9947 9914 10475 
1096 2269 1251 2589 1735 116 349 1127 951 2218 962 790 1128 1282 776 1390 117 390 64 658 1075 1260 1119 1978 1296 2488 0 266 1889 118 639 1445 632 1477 2521 343 97 816 1433 941 1689 2059 91 500 2481 625 898 1698 9822 9077 9597 8965 9405 9913 9344 10776 9748 10037 
840 2097 1029 2467 1592 153 85 863 694 2123 787 604 988 1113 558 1142 382 127 243 536 987 1016 934 1905 1150 2367 266 0 1716 177 374 1376 436 1279 2443 113 207 552 1334 709 1459 1936 302 235 2418 390 780 1568 25 9130 10016 8515 9141 9540 8799 8584 10331 9523 
1147 381 774 879 283 1826 1676 1303 1230 771 932 1114 776 608 1174 927 1982 1625 1911 1237 924 932 783 813 611 796 1889 1716 0 1775 1526 807 1281 474 1100 1604 1892 1414 663 1072 605 475 1844 1579 1172 1349 1015 379 9598 11176 10718 9985 8989 9527 9346 10731 8786 11098 
986 2155 1133 2485 1626 83 260 1025 842 2121 847 673 1018 1167 659 1276 230 292 139 548 976 1145 1002 1887 1185 2384 118 177 1775 0 543 1354 514 1360 2429 233 133 716 1334 825 1571 1954 127 404 2393 509 791 1592 8847 10389 9546 8950 10489 10125 10913 8814 9518 10746 
498 1898 772 2343 1458 525 290 493 355 2049 660 493 899 959 381 814 754 251 611 574 985 704 768 1870 1036 2246 639 374 1526 543 0 1370 373 1059 2386 324 572 183 1285 455 1168 1823 669 139 2384 242 761 1456 9376 10582 9447 9573 9480 9217 10016 9254 11248 10993 
1250 1091 936 1190 528 1428 1375 1426 1240 783 737 879 504 591 1001 1231 1504 1337 1489 844 393 1140 713 534 458 1091 1445 1376 807 1354 1370 0 1007 794 1076 1275 1486 1354 169 1026 1143 692 1372 1349 1043 1131 614 437 8975 9643 10636 11228 9975 10695 9337 9535 10186 9204 
553 1661 622 2044 1163 553 402 659 434 1718 353 168 567 678 157 799 739 354 641 207 618 661 499 1521 723 1944 632 436 1281 514 373 1007 0 849 2048 323 618 424 937 332 1062 1514 609 344 2035 134 394 1145 9883 8881 9686 11244 10651 10118 8681 9074 9437 9809 
678 840 301 1336 503 1401 1231 841 757 1138 522 687 468 265 724 503 1579 1178 1490 852 688 473 363 1070 368 1246 1477 1279 474 1360 1059 794 849 0 1486 1168 1466 941 627 604 356 860 1444 1122 1528 898 677 554 10471 8836 9730 8809 10438 9194 10189 9681 10568 9481 
2136 988 1760 451 985 2502 2435 2310 2177 349 1727 1899 1488 1453 2006 1986 2577 2393 2564 1907 1457 1954 1637 543 1356 435 2521 2443 1100 2429 2386 1076 2048 1486 0 2338 2561 2331 1112 1976 1701 633 2447 2390 146 2160 1666 953 10837 10380 10327 11089 9520 10587 9948 10200 8986 10355 
754 1984 922 2357 1481 244 105 795 610 2017 675 491 877 1000 449 1048 459 91 336 432 884 919 822 1802 1038 2256 343 113 1604 233 324 1275 323 1168 2338 0 305 488 1228 605 1356 1826 355 190 2316 286 673 1457 11030 9331 9927 9844 11215 9960 9138 10542 8821 10984 
1046 2272 1227 2613 1750 66 285 1064 900 2252 961 782 1142 1284 753 1348 193 332 42 674 1108 1221 1114 2019 1308 2513 97 207 1892 133 572 1486 618 1466 2561 305 0 753 1464 910 1661 2082 181 437 2526 590 919 1718 8702 11304 9176 8869 9446 9675 10181 10023 9615 8673 
326 1778 644 2255 1377 704 469 312 194 1987 620 487 861 882 359 643 933 427 792 630 987 544 694 1830 976 2160 816 552 1414 716 183 1354 424 941 2331 488 753 0 1250 357 1011 1745 841 317 2339 301 769 1385 9352 8746 9072 9839 9317 10656 10284 10423 8999 10014 
1117 976 785 1161 396 1403 1324 1294 1121 790 632 793 390 437 907 1075 1503 1281 1471 799 360 991 580 586 306 1059 1433 1334 663 1334 1285 169 937 627 1112 1228 1464 1250 0 909 974 637 1368 1280 1100 1053 555 317 9685 10421 10107 9839 10550 11111 10622 10911 10536 8697 
261 1443 325 1901 1021 848 648 418 214 1632 295 250 524 526 175 467 1054 595 940 466 688 329 340 1483 624 1806 941 709 1072 825 455 1026 332 604 1976 605 910 357 909 0 751 1389 931 525 1988 320 495 1029 9176 9024 10468 10407 10824 9169 9114 11182 8603 9478 
692 872 442 1467 768 1598 1396 805 819 1366 795 921 807 611 913 393 1799 1344 1690 1120 1034 468 650 1355 723 1391 1689 1459 605 1571 1168 1143 1062 356 1701 1356 1661 1011 974 751 0 1071 1671 1264 1766 1071 989 843 11296 10500 11173 11029 8779 9818 10323 10433 9793 9424 
1525 504 1144 532 370 2019 1914 1695 1579 297 1171 1353 949 866 1445 1356 2134 1867 2093 1409 992 1332 1057 403 793 431 2059 1936 475 1954 1823 692 1514 860 633 1826 2082 1745 637 1389 1071 0 1997 1846 698 1611 1164 370 10474 9718 10639 9741 10390 11137 9526 8941 9013 8541 
1104 2223 1231 2526 1680 174 386 1149 961 2149 925 760 1076 1238 761 1389 139 418 154 608 1009 1255 1083 1905 1245 2425 91 302 1844 127 669 1372 609 1444 2447 355 181 841 1368 931 1671 1997 0 530 2405 622 842 1640 10688 10990 8783 10152 9092 9940 8855 8892 9596 10365 
616 1957 850 2373 1489 387 153 629 470 2058 676 495 905 993 408 926 616 112 475 519 958 808 804 1864 1054 2274 500 235 1579 404 139 1349 344 1122 2390 190 437 317 1280 525 1264 1846 530 0 2379 236 735 1477 9938 9487 11202 10001 11084 8879 10301 10627 9931 11038 
2162 1098 1790 594 1025 2468 2415 2338 2193 401 1727 1892 1486 1470 2004 2030 2532 2375 2527 1884 1432 1989 1649 515 1364 569 2481 2418 1172 2393 2384 1043 2035 1528 146 2316 2526 2339 1100 1988 1766 698 2405 2379 0 2152 1647 981 8835 10437 10540 9401 8830 9862 10208 8747 9258 9110 
488 1727 640 2138 1253 528 334 565 352 1826 441 262 673 758 176 768 739 281 621 339 745 636 570 1638 819 2039 625 390 1349 509 242 1131 134 898 2160 286 590 301 1053 320 1071 1611 622 236 2152 0 520 1242 9059 10459 11244 8544 9963 10547 10405 8865 10515 10866 
753 1388 591 1695 839 856 769 911 695 1344 225 282 239 428 410 870 980 728 930 246 225 739 341 1133 406 1595 898 780 1015 791 761 614 394 677 1666 673 919 769 555 495 989 1164 842 735 1647 520 0 801 11271 8679 9937 8566 8691 11100 10885 8807 11275 10858 
1184 661 810 900 97 1654 1545 1359 1226 606 802 984 581 504 1077 1056 1777 1498 1730 1044 646 1009 693 519 424 800 1698 1568 379 1592 1456 437 1145 554 953 1457 1718 1385 317 1029 843 370 1640 1477 981 1242 801 0 8646 10759 9101 10194 10198 11001 11115 8862 9874 9293 
9410 10160 9559 10653 9694 9972 10375 9365 10345 9052 9554 11278 8820 9762 10096 9285 10144 9680 10073 10245 10992 9147 8511 10714 10775 9155 9822 25 9598 8847 9376 8975 9883 10471 10837 11030 8702 9352 9685 9176 11296 10474 10688 9938 8835 9059 11271 8646 0 264 264 459 480 264 546 459 594 42 
10980 9734 9144 9868 9617 10354 9940 8720 9060 10690 10061 9431 11072 8947 10481 11280 9267 11010 8841 10191 9899 11035 10303 9327 9170 8918 9077 9130 11176 10389 10582 9643 8881 8836 10380 9331 11304 8746 10421 9024 10500 9718 10990 9487 10437 10459 8679 10759 264 0 279 222 147 279 546 300 330 546 
9340 10420 10846 8740 10388 9692 9684 9972 10569 8648 8799 9091 9470 9352 10162 9865 9334 10672 10382 11262 10155 9671 9779 9083 10502 9927 9597 10016 10718 9546 9447 10636 9686 9730 10327 9927 9176 9072 10107 10468 11173 10639 8783 11202 10540 11244 9937 9101 264 279 0 222 549 279 528 276 405 354 
9680 9973 11090 9628 10960 9258 8881 8963 9971 8890 9608 9064 8739 10081 8556 10067 8831 10798 11155 11263 10642 11175 8588 10096 11006 8881 8965 8515 9985 8950 9573 11228 11244 8809 11089 9844 8869 9839 9839 10407 11029 9741 10152 10001 9401 8544 8566 10194 459 222 222 0 549 276 486 516 402 354 
10667 8825 8745 11306 11175 10689 10419 8956 9823 9087 9724 10309 11127 11303 8905 10511 10771 10858 10841 9769 9001 10112 9593 10465 10274 10771 9405 9141 8989 10489 9480 9975 10651 10438 9520 11215 9446 9317 10550 10824 8779 10390 9092 11084 8830 9963 8691 10198 480 147 549 549 0 225 486 141 324 549 
9668 9878 11220 10370 9593 11190 11080 10577 9209 9026 9391 8735 9060 10622 8737 9899 9566 10987 9356 9930 9270 8677 9413 9922 10747 11103 9913 9540 9527 10125 9217 10695 10118 9194 10587 9960 9675 10656 11111 9169 9818 11137 9940 8879 9862 10547 11100 11001 264 279 279 276 225 0 342 33 312 342 
8969 10966 9426 10282 9135 54 8831 8961 11148 10094 9482 9456 9284 11315 9235 9755 9568 9603 9496 11150 9438 9572 11018 10282 10908 11260 9344 8799 9346 10913 10016 9337 8681 10189 9948 9138 10181 10284 10622 9114 10323 9526 8855 10301 10208 10405 10885 11115 546 546 528 486 486 342 0 459 519 528 
10223 10493 9482 8612 11058 10246 9790 11135 10372 10903 9677 9853 10080 11203 9278 11154 9734 11260 10491 10597 9867 10403 8623 8689 11206 9947 10776 8584 10731 8814 9254 9535 9074 9681 10200 10542 10023 10423 10911 11182 10433 8941 8892 10627 8747 8865 8807 8862 459 300 276 516 141 33 459 0 165 516 
9591 11152 10959 8978 9524 10238 9053 10215 9896 8576 10326 10283 10937 8849 9635 8980 8689 10696 11130 10677 10862 10715 10330 9893 10992 9914 9748 10331 8786 9518 11248 10186 9437 10568 8986 8821 9615 8999 10536 8603 9793 9013 9596 9931 9258 10515 11275 9874 594 330 405 402 324 312 519 165 0 387 
9245 11171 9182 8892 9150 10247 10030 10273 8668 9101 9242 11142 10989 11194 8872 9599 8563 9399 8890 11282 10556 10360 10382 8523 10653 10475 10037 9523 11098 10746 10993 9204 9809 9481 10355 10984 8673 10014 8697 9478 9424 8541 10365 11038 9110 10866 10858 9293 42 546 354 354 549 342 528 516 387 0 
