0 1495 381 2012 1157 990 764 178 147 1788 542 508 749 696 408 318 1213 714 1082 717 935 228 538 1670 816 1922 1096 840 1147 986 498 1250 553 678 2136 754 1046 326 1117 261 692 1525 1104 616 2162 488 753 1184 9209 10641 8586 8862 8858 9325 9347 9585 9010 9087 
1495 0 1135 637 583 2207 2056 1641 1590 736 1312 1494 1150 988 1552 1243 2360 2004 2291 1615 1279 1272 1163 906 983 585 2269 2097 381 2155 1898 1091 1661 840 988 1984 2272 1778 976 1443 872 504 2223 1957 1098 1727 1388 661 9680 10093 8710 10340 8055 10330 10264 9102 10441 9104 
381 1135 0 1633 778 1163 971 551 457 1412 375 481 474 349 475 301 1359 918 1255 686 699 207 262 1308 480 1541 1251 1029 774 1133 772 936 622 301 1760 922 1227 644 785 325 442 1144 1231 850 1790 640 591 810 8427 9553 10234 9212 9072 9799 10308 9586 10069 8037 
2012 637 1633 0 886 2550 2444 2175 2081 444 1697 1881 1480 1385 1969 1806 2662 2397 2624 1941 1519 1805 1576 735 1321 102 2589 2467 879 2485 2343 1190 2044 1336 451 2357 2613 2255 1161 1901 1467 532 2526 2373 594 2138 1695 900 9991 9194 10116 9955 8204 9436 9666 8203 9735 10457 
1157 583 778 886 0 1686 1565 1329 1210 636 814 999 609 500 1084 1006 1818 1516 1764 1078 703 970 691 588 443 788 1735 1592 283 1626 1458 528 1163 503 985 1481 1750 1377 396 1021 768 370 1680 1489 1025 1253 839 97 10068 10532 10440 9503 9413 8509 9633 8288 8147 8656 
990 2207 1163 2550 1686 0 235 1015 845 2191 895 717 1078 1219 689 1289 230 279 93 611 1047 1162 1049 1961 1244 2450 116 153 1826 83 525 1428 553 1401 2502 244 66 704 1403 848 1598 2019 174 387 2468 528 856 1654 9632 8020 8978 10105 10043 8115 8163 8449 9241 8617 
764 2056 971 2444 1565 235 0 781 618 2111 753 568 965 1077 507 1070 465 54 323 532 984 947 894 1901 1123 2344 349 85 1676 260 290 1375 402 1231 2435 105 285 469 1324 648 1396 1914 386 153 2415 334 769 1545 9821 10055 8000 8234 10099 8902 8292 10211 9089 8072 
178 1641 551 2175 1329 1015 781 0 228 1962 709 649 924 874 534 413 1244 737 1103 844 1103 372 715 1847 994 2086 1127 863 1303 1025 493 1426 659 841 2310 795 1064 312 1294 418 805 1695 1149 629 2338 565 911 1359 9872 9744 8591 8755 8225 10176 8369 10164 9762 10051 
147 1590 457 2081 1210 845 618 228 0 1831 507 425 737 725 307 459 1068 568 936 617 897 352 546 1691 831 1988 951 694 1230 842 355 1240 434 757 2177 610 900 194 1121 214 819 1579 961 470 2193 352 695 1226 9266 8863 9605 8375 10319 10001 9452 8118 9894 10240 
1788 736 1412 444 636 2191 2111 1962 1831 0 1389 1565 1154 1107 1668 1639 2282 2067 2258 1588 1145 1606 1294 292 1015 358 2218 2123 771 2121 2049 783 1718 1138 349 2017 2252 1987 790 1632 1366 297 2149 2058 401 1826 1344 606 8689 8246 8038 9013 10393 8840 10442 8551 8556 8025 
542 1312 375 1697 814 895 753 709 507 1389 0 186 242 326 280 646 1061 704 981 332 395 514 159 1215 378 1598 962 787 932 847 660 737 353 522 1727 675 961 620 632 295 795 1171 925 676 1727 441 225 802 10162 9995 9029 10259 8803 9880 8486 10448 10557 8841 
508 1494 481 1881 999 717 568 649 425 1565 186 0 411 510 129 698 893 519 804 220 502 559 332 1378 560 1782 790 604 1114 673 493 879 168 687 1899 491 782 487 793 250 921 1353 760 495 1892 262 282 984 8184 9718 8173 8814 8832 8165 10009 9140 10576 8667 
749 1150 474 1480 609 1078 965 924 737 1154 242 411 0 205 519 774 1215 919 1156 471 231 663 221 973 169 1380 1128 988 776 1018 899 504 567 468 1488 877 1142 861 390 524 807 949 1076 905 1486 673 239 581 10631 9242 10193 9942 8852 10338 8516 9031 9248 8161 
696 988 349 1385 500 1219 1077 874 725 1107 326 510 205 0 586 641 1376 1027 1303 632 424 555 192 974 133 1287 1282 1113 608 1167 959 591 678 265 1453 1000 1284 882 437 526 611 866 1238 993 1470 758 428 504 8037 9729 8420 10600 9689 9999 10092 10446 9057 8375 
408 1552 475 1969 1084 689 507 534 307 1668 280 129 519 586 0 642 887 455 780 312 629 504 397 1492 656 1871 776 558 1174 659 381 1001 157 724 2006 449 753 359 907 175 913 1445 761 408 2004 176 410 1077 9386 10212 8951 8852 8889 9314 10276 10577 10157 8400 
318 1243 301 1806 1006 1289 1070 413 459 1639 646 698 774 641 642 0 1505 1019 1382 917 997 140 558 1569 773 1722 1390 1142 927 1276 814 1231 799 503 1986 1048 1348 643 1075 467 393 1356 1389 926 2030 768 870 1056 9622 10137 8440 9142 10000 9907 8304 8790 9315 9360 
1213 2360 1359 2662 1818 230 465 1244 1068 2282 1061 893 1215 1376 887 1505 0 507 151 746 1144 1374 1218 2035 1383 2561 117 382 1982 230 754 1504 739 1579 2577 459 193 933 1503 1054 1799 2134 139 616 2532 739 980 1777 9781 8428 8362 9458 9318 10575 8282 10372 10204 8388 
714 2004 918 2397 1516 279 54 737 568 2067 704 519 919 1027 455 1019 507 0 369 495 945 895 843 1860 1076 2297 390 127 1625 292 251 1337 354 1178 2393 91 332 427 1281 595 1344 1867 418 112 2375 281 728 1498 9415 8298 9960 8567 8959 8319 10515 9082 10241 10194 
1082 2291 1255 2624 1764 93 323 1103 936 2258 981 804 1156 1303 780 1382 151 369 0 687 1114 1254 1135 2022 1323 2523 64 243 1911 139 611 1489 641 1490 2564 336 42 792 1471 940 1690 2093 154 475 2527 621 930 1730 8312 8943 10501 10538 10451 10311 9051 9334 9517 9194 
717 1615 686 1941 1078 611 532 844 617 1588 332 220 471 632 312 917 746 495 687 0 453 778 490 1371 639 1840 658 536 1237 548 574 844 207 852 1907 432 674 630 799 466 1120 1409 608 519 1884 339 246 1044 10052 8831 10285 8568 10322 10476 10271 8835 8009 8935 
935 1279 699 1519 703 1047 984 1103 897 1145 395 502 231 424 629 997 1144 945 1114 453 0 879 439 919 336 1418 1075 987 924 976 985 393 618 688 1457 884 1108 987 360 688 1034 992 1009 958 1432 745 225 646 9289 8115 10515 9590 10627 8859 9533 10001 8760 10512 
228 1272 207 1805 970 1162 947 372 352 1606 514 559 663 555 504 140 1374 895 1254 778 879 0 444 1512 685 1717 1260 1016 932 1145 704 1140 661 473 1954 919 1221 544 991 329 468 1332 1255 808 1989 636 739 1009 8383 8353 8337 10585 8201 8524 9603 8344 8231 9313 
538 1163 262 1576 691 1049 894 715 546 1294 159 332 221 192 397 558 1218 843 1135 490 439 444 0 1145 286 1479 1119 934 783 1002 768 713 499 363 1637 822 1114 694 580 340 650 1057 1083 804 1649 570 341 693 9421 8375 8037 8344 8254 9743 10254 8827 8806 8441 
1670 906 1308 735 588 1961 1901 1847 1691 292 1215 1378 973 974 1492 1569 2035 1860 2022 1371 919 1512 1145 0 860 646 1978 1905 813 1887 1870 534 1521 1070 543 1802 2019 1830 586 1483 1355 403 1905 1864 515 1638 1133 519 8356 9589 8155 8980 9750 9544 9431 10236 9444 10464 
816 983 480 1321 443 1244 1123 994 831 1015 378 560 169 133 656 773 1383 1076 1323 639 336 685 286 860 0 1222 1296 1150 611 1185 1036 458 723 368 1356 1038 1308 976 306 624 723 793 1245 1054 1364 819 406 424 8127 10606 9020 9257 8131 8501 8610 8200 9683 8283 
1922 585 1541 102 788 2450 2344 2086 1988 358 1598 1782 1380 1287 1871 1722 2561 2297 2523 1840 1418 1717 1479 646 1222 0 2488 2367 796 2384 2246 1091 1944 1246 435 2256 2513 2160 1059 1806 1391 431 2425 2274 569 2039 1595 800 9120 9234 8910 8605 8354 10017 9704 9859 8236 9475 
1096 2269 1251 2589 1735 116 349 1127 951 2218 962 790 1128 1282 776 1390 117 390 64 658 1075 1260 1119 1978 1296 2488 0 266 1889 118 639 1445 632 1477 2521 343 97 816 1433 941 1689 2059 91 500 2481 625 898 1698 8421 8915 9813 8736 8089 8926 9461 9357 8285 10007 
840 2097 1029 2467 1592 153 85 863 694 2123 787 604 988 1113 558 1142 382 127 243 536 987 1016 934 1905 1150 2367 266 0 1716 177 374 1376 436 1279 2443 113 207 552 1334 709 1459 1936 302 235 2418 390 780 1568 8653 8010 9514 9501 9216 9435 10574 10440 8990 10594 
1147 381 774 879 283 1826 1676 1303 1230 771 932 1114 776 608 1174 927 1982 1625 1911 1237 924 932 783 813 611 796 1889 1716 0 1775 1526 807 1281 474 1100 1604 1892 1414 663 1072 605 475 1844 1579 1172 1349 1015 379 8402 8371 10473 8788 8765 9346 10295 9980 8620 10420 
986 2155 1133 2485 1626 83 260 1025 842 2121 847 673 1018 1167 659 1276 230 292 139 548 976 1145 1002 1887 1185 2384 118 177 1775 0 543 1354 514 1360 2429 233 133 716 1334 825 1571 1954 127 404 2393 509 791 1592 10598 8233 8116 10188 9232 8399 9492 10342 10491 10318 
498 1898 772 2343 1458 525 290 493 355 2049 660 493 899 959 381 814 754 251 611 574 985 704 768 1870 1036 2246 639 374 1526 543 0 1370 373 1059 2386 324 572 183 1285 455 1168 1823 669 139 2384 242 761 1456 8639 10022 8657 8801 10004 9892 9721 8767 9118 9181 
1250 1091 936 1190 528 1428 1375 1426 1240 783 737 879 504 591 1001 1231 1504 1337 1489 844 393 1140 713 534 458 1091 1445 1376 807 1354 1370 0 1007 794 1076 1275 1486 1354 169 1026 1143 692 1372 1349 1043 1131 614 437 8014 8066 8453 8481 8472 8918 9609 8624 8459 8797 
553 1661 622 2044 1163 553 402 659 434 1718 353 168 567 678 157 799 739 354 641 207 618 661 499 1521 723 1944 632 436 1281 514 373 1007 0 849 2048 323 618 424 937 332 1062 1514 609 344 2035 134 394 1145 9324 10549 8326 8948 10101 8462 10466 9172 8708 9736 
678 840 301 1336 503 1401 1231 841 757 1138 522 687 468 265 724 503 1579 1178 1490 852 688 473 363 1070 368 1246 1477 1279 474 1360 1059 794 849 0 1486 1168 1466 941 627 604 356 860 1444 1122 1528 898 677 554 10151 9944 10212 8143 8567 8084 8528 8940 8415 9938 
2136 988 1760 451 985 2502 2435 2310 2177 349 1727 1899 1488 1453 2006 1986 2577 2393 2564 1907 1457 1954 1637 543 1356 435 2521 2443 1100 2429 2386 1076 2048 1486 0 2338 2561 2331 1112 1976 1701 633 2447 2390 146 2160 1666 953 8573 9226 8847 9164 8839 9258 9811 28 9511 9301 
754 1984 922 2357 1481 244 105 795 610 2017 675 491 877 1000 449 1048 459 91 336 432 884 919 822 1802 1038 2256 343 113 1604 233 324 1275 323 1168 2338 0 305 488 1228 605 1356 1826 355 190 2316 286 673 1457 10431 9108 10149 8029 8083 9002 9213 8769 8564 10393 
1046 2272 1227 2613 1750 66 285 1064 900 2252 961 782 1142 1284 753 1348 193 332 42 674 1108 1221 1114 2019 1308 2513 97 207 1892 133 572 1486 618 1466 2561 305 0 753 1464 910 1661 2082 181 437 2526 590 919 1718 10495 9028 8471 8679 8265 8433 10327 9735 10411 9143 
326 1778 644 2255 1377 704 469 312 194 1987 620 487 861 882 359 643 933 427 792 630 987 544 694 1830 976 2160 816 552 1414 716 183 1354 424 941 2331 488 753 0 1250 357 1011 1745 841 317 2339 301 769 1385 9152 8679 8751 10260 9182 8595 8934 8470 8160 10061 
1117 976 785 1161 396 1403 1324 1294 1121 790 632 793 390 437 907 1075 1503 1281 1471 799 360 991 580 586 306 1059 1433 1334 663 1334 1285 169 937 627 1112 1228 1464 1250 0 909 974 637 1368 1280 1100 1053 555 317 8881 10008 9975 9523 9355 9034 10159 8638 9304 10215 
261 1443 325 1901 1021 848 648 418 214 1632 295 250 524 526 175 467 1054 595 940 466 688 329 340 1483 624 1806 941 709 1072 825 455 1026 332 604 1976 605 910 357 909 0 751 1389 931 525 1988 320 495 1029 10220 9797 9011 9594 7994 8420 8302 10102 8100 9260 
692 872 442 1467 768 1598 1396 805 819 1366 795 921 807 611 913 393 1799 1344 1690 1120 1034 468 650 1355 723 1391 1689 1459 605 1571 1168 1143 1062 356 1701 1356 1661 1011 974 751 0 1071 1671 1264 1766 1071 989 843 10092 8919 8441 8691 8225 9017 10081 10619 8545 8277 
1525 504 1144 532 370 2019 1914 1695 1579 297 1171 1353 949 866 1445 1356 2134 1867 2093 1409 992 1332 1057 403 793 431 2059 1936 475 1954 1823 692 1514 860 633 1826 2082 1745 637 1389 1071 0 1997 1846 698 1611 1164 370 8131 8589 9022 9933 9366 9988 8261 9861 10393 9216 
1104 2223 1231 2526 1680 174 386 1149 961 2149 925 760 1076 1238 761 1389 139 418 154 608 1009 1255 1083 1905 1245 2425 91 302 1844 127 669 1372 609 1444 2447 355 181 841 1368 931 1671 1997 0 530 2405 622 842 1640 9315 9328 10164 9828 9268 9310 10222 9231 10090 10018 
616 1957 850 2373 1489 387 153 629 470 2058 676 495 905 993 408 926 616 112 475 519 958 808 804 1864 1054 2274 500 235 1579 404 139 1349 344 1122 2390 190 437 317 1280 525 1264 1846 530 0 2379 236 735 1477 8213 8803 10409 10191 10546 10428 10183 9711 8088 9256 
2162 1098 1790 594 1025 2468 2415 2338 2193 401 1727 1892 1486 1470 2004 2030 2532 2375 2527 1884 1432 1989 1649 515 1364 569 2481 2418 1172 2393 2384 1043 2035 1528 146 2316 2526 2339 1100 1988 1766 698 2405 2379 0 2152 1647 981 69 9249 9673 9955 9703 10154 10157 9546 9459 8396 
488 1727 640 2138 1253 528 334 565 352 1826 441 262 673 758 176 768 739 281 621 339 745 636 570 1638 819 2039 625 390 1349 509 242 1131 134 898 2160 286 590 301 1053 320 1071 1611 622 236 2152 0 520 1242 10457 9999 8406 10042 10444 9229 9139 10337 10343 9884 
753 1388 591 1695 839 856 769 911 695 1344 225 282 239 428 410 870 980 728 930 246 225 739 341 1133 406 1595 898 780 1015 791 761 614 394 677 1666 673 919 769 555 495 989 1164 842 735 1647 520 0 801 8665 10526 8786 8493 8521 8397 9509 9640 9598 10543 
1184 661 810 900 97 1654 1545 1359 1226 606 802 984 581 504 1077 1056 1777 1498 1730 1044 646 1009 693 519 424 800 1698 1568 379 1592 1456 437 1145 554 953 1457 1718 1385 317 1029 843 370 1640 1477 981 1242 801 0 9019 9807 9559 9136 9089 8636 10170 10047 8420 9098 
9209 9680 8427 9991 10068 9632 9821 9872 9266 8689 10162 8184 10631 8037 9386 9622 9781 9415 8312 10052 9289 8383 9421 8356 8127 9120 8421 8653 8402 10598 8639 8014 9324 10151 8573 10431 10495 9152 8881 10220 10092 8131 9315 8213 69 10457 8665 9019 0 460 452 200 732 776 460 264 68 688 
10641 10093 9553 9194 10532 8020 10055 9744 8863 8246 9995 9718 9242 9729 10212 10137 8428 8298 8943 8831 8115 8353 8375 9589 10606 9234 8915 8010 8371 8233 10022 8066 10549 9944 9226 9108 9028 8679 10008 9797 8919 8589 9328 8803 9249 9999 10526 9807 460 0 292 508 720 776 460 460 68 524 
8586 8710 10234 10116 10440 8978 8000 8591 9605 8038 9029 8173 10193 8420 8951 8440 8362 9960 10501 10285 10515 8337 8037 8155 9020 8910 9813 9514 10473 8116 8657 8453 8326 10212 8847 10149 8471 8751 9975 9011 8441 9022 10164 10409 9673 8406 8786 9559 452 292 0 756 272 632 292 292 272 632 
8862 10340 9212 9955 9503 10105 8234 8755 8375 9013 10259 8814 9942 10600 8852 9142 9458 8567 10538 8568 9590 10585 8344 8980 9257 8605 8736 9501 8788 10188 8801 8481 8948 8143 9164 8029 8679 10260 9523 9594 8691 9933 9828 10191 9955 10042 8493 9136 200 508 756 0 756 564 236 756 96 272 
8858 8055 9072 8204 9413 10043 10099 8225 10319 10393 8803 8832 8852 9689 8889 10000 9318 8959 10451 10322 10627 8201 8254 9750 8131 8354 8089 9216 8765 9232 10004 8472 10101 8567 8839 8083 8265 9182 9355 7994 8225 9366 9268 10546 9703 10444 8521 9089 732 720 272 756 0 524 196 720 612 760 
9325 10330 9799 9436 8509 8115 8902 10176 10001 8840 9880 8165 10338 9999 9314 9907 10575 8319 10311 10476 8859 8524 9743 9544 8501 10017 8926 9435 9346 8399 9892 8918 8462 8084 9258 9002 8433 8595 9034 8420 9017 9988 9310 10428 10154 9229 8397 8636 776 776 632 564 524 0 664 744 720 632 
9347 10264 10308 9666 9633 8163 8292 8369 9452 10442 8486 10009 8516 10092 10276 8304 8282 10515 9051 10271 9533 9603 10254 9431 8610 9704 9461 10574 10295 9492 9721 9609 10466 8528 9811 9213 10327 8934 10159 8302 10081 8261 10222 10183 10157 9139 9509 10170 460 460 292 236 196 664 0 460 68 756 
9585 9102 9586 8203 8288 8449 10211 10164 8118 8551 10448 9140 9031 10446 10577 8790 10372 9082 9334 8835 10001 8344 8827 10236 8200 9859 9357 10440 9980 10342 8767 8624 9172 8940 28 8769 9735 8470 8638 10102 10619 9861 9231 9711 9546 10337 9640 10047 264 460 292 756 720 744 460 0 612 524 
9010 10441 10069 9735 8147 9241 9089 9762 9894 8556 10557 10576 9248 9057 10157 9315 10204 10241 9517 8009 8760 8231 8806 9444 9683 8236 8285 8990 8620 10491 9118 8459 8708 8415 9511 8564 10411 8160 9304 8100 8545 10393 10090 8088 9459 10343 9598 8420 68 68 272 96 612 720 68 612 0 68 
9087 9104 8037 10457 8656 8617 8072 10051 10240 8025 8841 8667 8161 8375 8400 9360 8388 10194 9194 8935 10512 9313 8441 10464 8283 9475 10007 10594 10420 10318 9181 8797 9736 9938 9301 10393 9143 10061 10215 9260 8277 9216 10018 9256 8396 9884 10543 9098 688 524 632 272 760 632 756 524 68 0 

0 1495 381 2012 1157 990 764 178 147 1788 542 508 749 696 408 318 1213 714 1082 717 935 228 538 1670 816 1922 1096 840 1147 986 498 1250 553 678 2136 754 1046 326 1117 261 692 1525 1104 616 2162 488 753 1184 8553 8675 10471 10326 9186 9425 8163 9625 9437 8010 
1495 0 1135 637 583 2207 2056 1641 1590 736 1312 1494 1150 988 1552 1243 2360 2004 2291 1615 1279 1272 1163 906 983 585 2269 2097 381 2155 1898 1091 1661 840 988 1984 2272 1778 976 1443 872 504 2223 1957 1098 1727 1388 661 9943 9217 8597 9722 9008 9012 10241 9294 10403 9803 
381 1135 0 1633 778 1163 971 551 457 1412 375 481 474 349 475 301 1359 918 1255 686 699 207 262 1308 480 1541 1251 1029 774 1133 772 936 622 301 1760 922 1227 644 785 325 442 1144 1231 850 1790 640 591 810 7988 10115 8256 9852 8477 9255 8753 9108 9458 8870 
2012 637 1633 0 886 2550 2444 2175 2081 444 1697 1881 1480 1385 1969 1806 2662 2397 2624 1941 1519 1805 1576 735 1321 102 2589 2467 879 2485 2343 1190 2044 1336 451 2357 2613 2255 1161 1901 1467 532 2526 2373 594 2138 1695 900 9792 8120 10109 10065 10180 8958 8956 8120 10479 9068 
1157 583 778 886 0 1686 1565 1329 1210 636 814 999 609 500 1084 1006 1818 1516 1764 1078 703 970 691 588 443 788 1735 1592 283 1626 1458 528 1163 503 985 1481 1750 1377 396 1021 768 370 1680 1489 1025 1253 839 97 9397 9928 10071 8325 9323 8567 10015 9829 9917 8073 
990 2207 1163 2550 1686 0 235 1015 845 2191 895 717 1078 1219 689 1289 230 279 93 611 1047 1162 1049 1961 1244 2450 116 153 1826 83 525 1428 553 1401 2502 244 66 704 1403 848 1598 2019 174 387 2468 528 856 1654 9368 10244 8696 9295 9246 9432 8940 8348 9763 8504 
764 2056 971 2444 1565 235 0 781 618 2111 753 568 965 1077 507 1070 465 54 323 532 984 947 894 1901 1123 2344 349 85 1676 260 290 1375 402 1231 2435 105 285 469 1324 648 1396 1914 386 153 2415 334 769 1545 9540 9014 8275 10013 9281 9960 8957 10557 9406 8002 
178 1641 551 2175 1329 1015 781 0 228 1962 709 649 924 874 534 413 1244 737 1103 844 1103 372 715 1847 994 2086 1127 863 1303 1025 493 1426 659 841 2310 795 1064 312 1294 418 805 1695 1149 629 2338 565 911 1359 8453 9951 8832 9074 8946 8368 10097 10274 10171 8644 
147 1590 457 2081 1210 845 618 228 0 1831 507 425 737 725 307 459 1068 568 936 617 897 352 546 1691 831 1988 951 694 1230 842 355 1240 434 757 2177 610 900 194 1121 214 819 1579 961 470 2193 352 695 1226 9426 8913 10417 9677 9422 9266 8854 10051 10089 10573 
1788 736 1412 444 636 2191 2111 1962 1831 0 1389 1565 1154 1107 1668 1639 2282 2067 2258 1588 1145 1606 1294 292 1015 358 2218 2123 771 2121 2049 783 1718 1138 349 2017 2252 1987 790 1632 1366 297 2149 2058 401 1826 1344 606 8035 9008 9983 9319 9180 8176 10075 9861 9838 10201 
542 1312 375 1697 814 895 753 709 507 1389 0 186 242 326 280 646 1061 704 981 332 395 514 159 1215 378 1598 962 787 932 847 660 737 353 522 1727 675 961 620 632 295 795 1171 925 676 1727 441 225 802 10209 10113 10341 9540 9489 9055 9439 9485 8607 8092 
508 1494 481 1881 999 717 568 649 425 1565 186 0 411 510 129 698 893 519 804 220 502 559 332 1378 560 1782 790 604 1114 673 493 879 168 687 1899 491 782 487 793 250 921 1353 760 495 1892 262 282 984 8395 8866 10485 10327 10080 9038 8982 8417 9054 10226 
749 1150 474 1480 609 1078 965 924 737 1154 242 411 0 205 519 774 1215 919 1156 471 231 663 221 973 169 1380 1128 988 776 1018 899 504 567 468 1488 877 1142 861 390 524 807 949 1076 905 1486 673 239 581 9101 10357 9462 10120 10357 9335 9607 10087 9200 8818 
696 988 349 1385 500 1219 1077 874 725 1107 326 510 205 0 586 641 1376 1027 1303 632 424 555 192 974 133 1287 1282 1113 608 1167 959 591 678 265 1453 1000 1284 882 437 526 611 866 1238 993 1470 758 428 504 9101 8535 9838 9712 10222 8880 9031 10251 9069 8129 
408 1552 475 1969 1084 689 507 534 307 1668 280 129 519 586 0 642 887 455 780 312 629 504 397 1492 656 1871 776 558 1174 659 381 1001 157 724 2006 449 753 359 907 175 913 1445 761 408 2004 176 410 1077 8221 8392 8707 9563 8520 8877 9633 8985 8338 10004 
318 1243 301 1806 1006 1289 1070 413 459 1639 646 698 774 641 642 0 1505 1019 1382 917 997 140 558 1569 773 1722 1390 1142 927 1276 814 1231 799 503 1986 1048 1348 643 1075 467 393 1356 1389 926 2030 768 870 1056 10084 8474 8633 10325 9013 8895 8759 10184 9419 8466 
1213 2360 1359 2662 1818 230 465 1244 1068 2282 1061 893 1215 1376 887 1505 0 507 151 746 1144 1374 1218 2035 1383 2561 117 382 1982 230 754 1504 739 1579 2577 459 193 933 1503 1054 1799 2134 139 616 2532 739 980 1777 9442 8149 10562 9582 8870 9780 9892 10611 10026 8130 
714 2004 918 2397 1516 279 54 737 568 2067 704 519 919 1027 455 1019 507 0 369 495 945 895 843 1860 1076 2297 390 127 1625 292 251 1337 354 1178 2393 91 332 427 1281 595 1344 1867 418 112 2375 281 728 1498 10002 8916 9495 9520 10323 8199 9574 10633 9745 8728 
1082 2291 1255 2624 1764 93 323 1103 936 2258 981 804 1156 1303 780 1382 151 369 0 687 1114 1254 1135 2022 1323 2523 64 243 1911 139 611 1489 641 1490 2564 336 42 792 1471 940 1690 2093 154 475 2527 621 930 1730 8824 8461 9206 10393 9755 9891 8363 8925 9933 10594 
717 1615 686 1941 1078 611 532 844 617 1588 332 220 471 632 312 917 746 495 687 0 453 778 490 1371 639 1840 658 536 1237 548 574 844 207 852 1907 432 674 630 799 466 1120 1409 608 519 1884 339 246 1044 8533 8545 10078 8764 8928 10136 9393 10215 10007 9562 
935 1279 699 1519 703 1047 984 1103 897 1145 395 502 231 424 629 997 1144 945 1114 453 0 879 439 919 336 1418 1075 987 924 976 985 393 618 688 1457 884 1108 987 360 688 1034 992 1009 958 1432 745 225 646 8245 9268 10095 10285 8320 10055 9471 8775 10330 9356 
228 1272 207 1805 970 1162 947 372 352 1606 514 559 663 555 504 140 1374 895 1254 778 879 0 444 1512 685 1717 1260 1016 932 1145 704 1140 661 473 1954 919 1221 544 991 329 468 1332 1255 808 1989 636 739 1009 8024 8945 10397 8536 10577 8920 9447 9655 9687 9006 
538 1163 262 1576 691 1049 894 715 546 1294 159 332 221 192 397 558 1218 843 1135 490 439 444 0 1145 286 1479 1119 934 783 1002 768 713 499 363 1637 822 1114 694 580 340 650 1057 1083 804 1649 570 341 693 8776 9730 9633 10582 10254 8363 9974 8305 9030 9998 
1670 906 1308 735 588 1961 1901 1847 1691 292 1215 1378 973 974 1492 1569 2035 1860 2022 1371 919 1512 1145 0 860 646 1978 1905 813 1887 1870 534 1521 1070 543 1802 2019 1830 586 1483 1355 403 1905 1864 515 1638 1133 519 10532 10393 8153 8995 9573 8983 9219 8843 10508 9710 
816 983 480 1321 443 1244 1123 994 831 1015 378 560 169 133 656 773 1383 1076 1323 639 336 685 286 860 0 1222 1296 1150 611 1185 1036 458 723 368 1356 1038 1308 976 306 624 723 793 1245 1054 1364 819 406 424 8351 8899 9824 9393 10035 9536 9355 10375 10106 8267 
1922 585 1541 102 788 2450 2344 2086 1988 358 1598 1782 1380 1287 1871 1722 2561 2297 2523 1840 1418 1717 1479 646 1222 0 2488 2367 796 2384 2246 1091 1944 1246 435 2256 2513 2160 1059 1806 1391 431 2425 2274 569 2039 1595 800 9774 9778 10088 8871 9905 9367 10421 8689 9503 9608 
1096 2269 1251 2589 1735 116 349 1127 951 2218 962 790 1128 1282 776 1390 117 390 64 658 1075 1260 1119 1978 1296 2488 0 266 1889 118 639 1445 632 1477 2521 343 97 816 1433 941 1689 2059 91 500 2481 625 898 1698 10635 9160 9787 8382 10303 10447 9974 8359 10326 8684 
840 2097 1029 2467 1592 153 85 863 694 2123 787 604 988 1113 558 1142 382 127 243 536 987 1016 934 1905 1150 2367 266 0 1716 177 374 1376 436 1279 2443 113 207 552 1334 709 1459 1936 302 235 2418 390 780 1568 10279 8775 10514 9426 8765 8334 8192 9785 8770 9157 
1147 381 774 879 283 1826 1676 1303 1230 771 932 1114 776 608 1174 927 1982 1625 1911 1237 924 932 783 813 611 796 1889 1716 0 1775 1526 807 1281 474 1100 1604 1892 1414 663 1072 605 475 1844 1579 1172 1349 1015 379 10476 10420 10305 10624 8679 8989 8179 8116 10555 9648 
986 2155 1133 2485 1626 83 260 1025 842 2121 847 673 1018 1167 659 1276 230 292 139 548 976 1145 1002 1887 1185 2384 118 177 1775 0 543 1354 514 1360 2429 233 133 716 1334 825 1571 1954 127 404 2393 509 791 1592 10567 8059 9778 8853 8247 9894 9995 9455 9207 8909 
498 1898 772 2343 1458 525 290 493 355 2049 660 493 899 959 381 814 754 251 611 574 985 704 768 1870 1036 2246 639 374 1526 543 0 1370 373 1059 2386 324 572 183 1285 455 1168 1823 669 139 2384 242 761 1456 8206 8931 10188 8727 10484 8421 8899 9791 10332 9964 
1250 1091 936 1190 528 1428 1375 1426 1240 783 737 879 504 591 1001 1231 1504 1337 1489 844 393 1140 713 534 458 1091 1445 1376 807 1354 1370 0 1007 794 1076 1275 1486 1354 169 1026 1143 692 1372 1349 1043 1131 614 437 10430 10062 9822 8623 9412 8437 9454 10226 9089 9665 
553 1661 622 2044 1163 553 402 659 434 1718 353 168 567 678 157 799 739 354 641 207 618 661 499 1521 723 1944 632 436 1281 514 373 1007 0 849 2048 323 618 424 937 332 1062 1514 609 344 2035 134 394 1145 9614 9028 10168 8657 8833 8619 9682 9982 9301 10202 
678 840 301 1336 503 1401 1231 841 757 1138 522 687 468 265 724 503 1579 1178 1490 852 688 473 363 1070 368 1246 1477 1279 474 1360 1059 794 849 0 1486 1168 1466 941 627 604 356 860 1444 1122 1528 898 677 554 9263 9738 9510 10099 10483 10342 10633 10648 9802 9548 
2136 988 1760 451 985 2502 2435 2310 2177 349 1727 1899 1488 1453 2006 1986 2577 2393 2564 1907 1457 1954 1637 543 1356 435 2521 2443 1100 2429 2386 1076 2048 1486 0 2338 2561 2331 1112 1976 1701 633 2447 2390 146 2160 1666 953 8740 9692 8066 9828 8279 8523 10531 13 8729 9025 
754 1984 922 2357 1481 244 105 795 610 2017 675 491 877 1000 449 1048 459 91 336 432 884 919 822 1802 1038 2256 343 113 1604 233 324 1275 323 1168 2338 0 305 488 1228 605 1356 1826 355 190 2316 286 673 1457 9755 10505 10202 9351 9214 9657 8601 10334 9382 10266 
1046 2272 1227 2613 1750 66 285 1064 900 2252 961 782 1142 1284 753 1348 193 332 42 674 1108 1221 1114 2019 1308 2513 97 207 1892 133 572 1486 618 1466 2561 305 0 753 1464 910 1661 2082 181 437 2526 590 919 1718 8402 10645 9124 8854 8221 8125 8862 9452 9102 9987 
326 1778 644 2255 1377 704 469 312 194 1987 620 487 861 882 359 643 933 427 792 630 987 544 694 1830 976 2160 816 552 1414 716 183 1354 424 941 2331 488 753 0 1250 357 1011 1745 841 317 2339 301 769 1385 9827 8199 10537 8057 8312 10143 10307 9552 9813 10629 
1117 976 785 1161 396 1403 1324 1294 1121 790 632 793 390 437 907 1075 1503 1281 1471 799 360 991 580 586 306 1059 1433 1334 663 1334 1285 169 937 627 1112 1228 1464 1250 0 909 974 637 1368 1280 1100 1053 555 317 8598 10293 9325 8765 8104 10287 9723 10637 9687 8605 
261 1443 325 1901 1021 848 648 418 214 1632 295 250 524 526 175 467 1054 595 940 466 688 329 340 1483 624 1806 941 709 1072 825 455 1026 332 604 1976 605 910 357 909 0 751 1389 931 525 1988 320 495 1029 8332 10575 8017 9736 9552 8289 10070 8129 8468 9275 
692 872 442 1467 768 1598 1396 805 819 1366 795 921 807 611 913 393 1799 1344 1690 1120 1034 468 650 1355 723 1391 1689 1459 605 1571 1168 1143 1062 356 1701 1356 1661 1011 974 751 0 1071 1671 1264 1766 1071 989 843 8998 9895 8453 10614 10271 8701 8540 9157 10429 9292 
1525 504 1144 532 370 2019 1914 1695 1579 297 1171 1353 949 866 1445 1356 2134 1867 2093 1409 992 1332 1057 403 793 431 2059 1936 475 1954 1823 692 1514 860 633 1826 2082 1745 637 1389 1071 0 1997 1846 698 1611 1164 370 8939 10075 8440 8084 8975 8712 8987 9566 8219 8984 
1104 2223 1231 2526 1680 174 386 1149 961 2149 925 760 1076 1238 761 1389 139 418 154 608 1009 1255 1083 1905 1245 2425 91 302 1844 127 669 1372 609 1444 2447 355 181 841 1368 931 1671 1997 0 530 2405 622 842 1640 10525 9846 8800 9358 9838 9705 9721 8679 8359 10026 
616 1957 850 2373 1489 387 153 629 470 2058 676 495 905 993 408 926 616 112 475 519 958 808 804 1864 1054 2274 500 235 1579 404 139 1349 344 1122 2390 190 437 317 1280 525 1264 1846 530 0 2379 236 735 1477 8520 9425 8961 8697 10368 9967 9204 8923 9169 10168 
2162 1098 1790 594 1025 2468 2415 2338 2193 401 1727 1892 1486 1470 2004 2030 2532 2375 2527 1884 1432 1989 1649 515 1364 569 2481 2418 1172 2393 2384 1043 2035 1528 146 2316 2526 2339 1100 1988 1766 698 2405 2379 0 2152 1647 981 64 10273 10371 8981 8175 8150 10538 8517 8884 8460 
488 1727 640 2138 1253 528 334 565 352 1826 441 262 673 758 176 768 739 281 621 339 745 636 570 1638 819 2039 625 390 1349 509 242 1131 134 898 2160 286 590 301 1053 320 1071 1611 622 236 2152 0 520 1242 10015 9306 9666 9887 9680 8403 10125 10407 9768 9976 
753 1388 591 1695 839 856 769 911 695 1344 225 282 239 428 410 870 980 728 930 246 225 739 341 1133 406 1595 898 780 1015 791 761 614 394 677 1666 673 919 769 555 495 989 1164 842 735 1647 520 0 801 9296 9027 10096 8463 9593 10235 9972 10174 9889 9954 
1184 661 810 900 97 1654 1545 1359 1226 606 802 984 581 504 1077 1056 1777 1498 1730 1044 646 1009 693 519 424 800 1698 1568 379 1592 1456 437 1145 554 953 1457 1718 1385 317 1029 843 370 1640 1477 981 1242 801 0 8221 8445 8868 9342 8782 8733 10440 10511 10448 8863 
8553 9943 7988 9792 9397 9368 9540 8453 9426 8035 10209 8395 9101 9101 8221 10084 9442 10002 8824 8533 8245 8024 8776 10532 8351 9774 10635 10279 10476 10567 8206 10430 9614 9263 8740 9755 8402 9827 8598 8332 8998 8939 10525 8520 64 10015 9296 8221 0 1281 609 1050 119 826 1281 938 595 196 
8675 9217 10115 8120 9928 10244 9014 9951 8913 9008 10113 8866 10357 8535 8392 8474 8149 8916 8461 8545 9268 8945 9730 10393 8899 9778 9160 8775 10420 8059 8931 10062 9028 9738 9692 10505 10645 8199 10293 10575 9895 10075 9846 9425 10273 9306 9027 8445 1281 0 889 511 609 826 595 595 595 630 
10471 8597 8256 10109 10071 8696 8275 8832 10417 9983 10341 10485 9462 9838 8707 8633 10562 9495 9206 10078 10095 10397 9633 8153 9824 10088 9787 10514 10305 9778 10188 9822 10168 9510 8066 10202 9124 10537 9325 8017 8453 8440 8800 8961 10371 9666 10096 8868 609 889 0 77 924 294 889 889 924 294 
10326 9722 9852 10065 8325 9295 10013 9074 9677 9319 9540 10327 10120 9712 9563 10325 9582 9520 10393 8764 10285 8536 10582 8995 9393 8871 8382 9426 10624 8853 8727 8623 8657 10099 9828 9351 8854 8057 8765 9736 10614 8084 9358 8697 8981 9887 8463 9342 1050 511 77 0 329 413 987 329 1232 924 
9186 9008 8477 10180 9323 9246 9281 8946 9422 9180 9489 10080 10357 10222 8520 9013 8870 10323 9755 8928 8320 10577 10254 9573 10035 9905 10303 8765 8679 8247 10484 9412 8833 10483 8279 9214 8221 8312 8104 9552 10271 8975 9838 10368 8175 9680 9593 8782 119 609 924 329 0 483 1057 609 826 70 
9425 9012 9255 8958 8567 9432 9960 8368 9266 8176 9055 9038 9335 8880 8877 8895 9780 8199 9891 10136 10055 8920 8363 8983 9536 9367 10447 8334 8989 9894 8421 8437 8619 10342 8523 9657 8125 10143 10287 8289 8701 8712 9705 9967 8150 8403 10235 8733 826 826 294 413 483 0 238 98 140 294 
8163 10241 8753 8956 10015 8940 8957 10097 8854 10075 9439 8982 9607 9031 9633 8759 9892 9574 8363 9393 9471 9447 9974 9219 9355 10421 9974 8192 8179 9995 8899 9454 9682 10633 10531 8601 8862 10307 9723 10070 8540 8987 9721 9204 10538 10125 9972 10440 1281 595 889 987 1057 238 0 595 595 840 
9625 9294 9108 8120 9829 8348 10557 10274 10051 9861 9485 8417 10087 10251 8985 10184 10611 10633 8925 10215 8775 9655 8305 8843 10375 8689 8359 9785 8116 9455 9791 10226 9982 10648 13 10334 9452 9552 10637 8129 9157 9566 8679 8923 8517 10407 10174 10511 938 595 889 329 609 98 595 0 826 630 
9437 10403 9458 10479 9917 9763 9406 10171 10089 9838 8607 9054 9200 9069 8338 9419 10026 9745 9933 10007 10330 9687 9030 10508 10106 9503 10326 8770 10555 9207 10332 9089 9301 9802 8729 9382 9102 9813 9687 8468 10429 8219 8359 9169 8884 9768 9889 10448 595 595 924 1232 826 140 595 826 0 1281 
8010 9803 8870 9068 8073 8504 8002 8644 10573 10201 8092 10226 8818 8129 10004 8466 8130 8728 10594 9562 9356 9006 9998 9710 8267 9608 8684 9157 9648 8909 9964 9665 10202 9548 9025 10266 9987 10629 8605 9275 9292 8984 10026 10168 8460 9976 9954 8863 196 630 294 924 70 294 840 630 1281 0 
