0 1495 381 2012 1157 990 764 178 147 1788 542 508 749 696 408 318 1213 714 1082 717 935 228 538 1670 816 1922 1096 840 1147 986 498 1250 553 678 2136 754 1046 326 1117 261 692 1525 1104 616 2162 488 753 1184 8283 8836 10582 10551 8840 9749 8550 9380 9167 8611 
1495 0 1135 637 583 2207 2056 1641 1590 736 1312 1494 1150 988 1552 1243 2360 2004 2291 1615 1279 1272 1163 906 983 585 2269 2097 381 2155 1898 1091 1661 840 988 1984 2272 1778 976 1443 872 504 2223 1957 1098 1727 1388 661 9134 9430 9421 10544 9035 9898 8680 9537 8909 8461 
381 1135 0 1633 778 1163 971 551 457 1412 375 481 474 349 475 301 1359 918 1255 686 699 207 262 1308 480 1541 1251 1029 774 1133 772 936 622 301 1760 922 1227 644 785 325 442 1144 1231 850 1790 640 591 810 8937 9867 9572 10569 8520 9136 10553 8892 9853 10514 
2012 637 1633 0 886 2550 2444 2175 2081 444 1697 1881 1480 1385 1969 1806 2662 2397 2624 1941 1519 1805 1576 735 1321 102 2589 2467 879 2485 2343 1190 2044 1336 451 2357 2613 2255 1161 1901 1467 532 2526 2373 594 2138 1695 900 9261 8592 9449 9403 9410 8434 9716 8508 8598 10596 
1157 583 778 886 0 1686 1565 1329 1210 636 814 999 609 500 1084 1006 1818 1516 1764 1078 703 970 691 588 443 788 1735 1592 283 1626 1458 528 1163 503 985 1481 1750 1377 396 1021 768 370 1680 1489 1025 1253 839 97 9694 8081 8223 9085 8919 10643 9538 9030 10593 10075 
990 2207 1163 2550 1686 0 235 1015 845 2191 895 717 1078 1219 689 1289 230 279 93 611 1047 1162 1049 1961 1244 2450 116 153 1826 83 525 1428 553 1401 2502 244 66 704 1403 848 1598 2019 174 387 2468 528 856 1654 8350 9981 8216 9426 10324 8019 8953 8422 8942 9939 
764 2056 971 2444 1565 235 0 781 618 2111 753 568 965 1077 507 1070 465 54 323 532 984 947 894 1901 1123 2344 349 85 1676 260 290 1375 402 1231 2435 105 285 469 1324 648 1396 1914 386 153 2415 334 769 1545 10113 9709 9388 9889 8351 8573 9691 10547 8149 8479 
178 1641 551 2175 1329 1015 781 0 228 1962 709 649 924 874 534 413 1244 737 1103 844 1103 372 715 1847 994 2086 1127 863 1303 1025 493 1426 659 841 2310 795 1064 312 1294 418 805 1695 1149 629 2338 565 911 1359 8654 9335 8465 8944 10189 10028 10185 8543 8069 9419 
147 1590 457 2081 1210 845 618 228 0 1831 507 425 737 725 307 459 1068 568 936 617 897 352 546 1691 831 1988 951 694 1230 842 355 1240 434 757 2177 610 900 194 1121 214 819 1579 961 470 2193 352 695 1226 8942 9029 9707 8896 10418 8870 8117 8477 9523 8013 
1788 736 1412 444 636 2191 2111 1962 1831 0 1389 1565 1154 1107 1668 1639 2282 2067 2258 1588 1145 1606 1294 292 1015 358 2218 2123 771 2121 2049 783 1718 1138 349 2017 2252 1987 790 1632 1366 297 2149 2058 401 1826 1344 606 9914 9532 8116 8961 9015 9934 9800 8764 9209 8625 
542 1312 375 1697 814 895 753 709 507 1389 0 186 242 326 280 646 1061 704 981 332 395 514 159 1215 378 1598 962 787 932 847 660 737 353 522 1727 675 961 620 632 295 795 1171 925 676 1727 441 225 802 10221 9109 9891 8071 10330 10593 9854 10043 8372 9594 
508 1494 481 1881 999 717 568 649 425 1565 186 0 411 510 129 698 893 519 804 220 502 559 332 1378 560 1782 790 604 1114 673 493 879 168 687 1899 491 782 487 793 250 921 1353 760 495 1892 262 282 984 9966 10011 9982 10131 9345 10449 8690 8146 9682 10314 
749 1150 474 1480 609 1078 965 924 737 1154 242 411 0 205 519 774 1215 919 1156 471 231 663 221 973 169 1380 1128 988 776 1018 899 504 567 468 1488 877 1142 861 390 524 807 949 1076 905 1486 673 239 581 8338 8742 8501 9674 8805 8158 9831 9353 8055 8935 
696 988 349 1385 500 1219 1077 874 725 1107 326 510 205 0 586 641 1376 1027 1303 632 424 555 192 974 133 1287 1282 1113 608 1167 959 591 678 265 1453 1000 1284 882 437 526 611 866 1238 993 1470 758 428 504 8714 8936 10249 9467 9437 9683 10126 9818 7991 10475 
408 1552 475 1969 1084 689 507 534 307 1668 280 129 519 586 0 642 887 455 780 312 629 504 397 1492 656 1871 776 558 1174 659 381 1001 157 724 2006 449 753 359 907 175 913 1445 761 408 2004 176 410 1077 8665 9089 8718 8744 8260 9025 8695 9228 8962 9046 
318 1243 301 1806 1006 1289 1070 413 459 1639 646 698 774 641 642 0 1505 1019 1382 917 997 140 558 1569 773 1722 1390 1142 927 1276 814 1231 799 503 1986 1048 1348 643 1075 467 393 1356 1389 926 2030 768 870 1056 10511 9860 10503 9285 8779 8013 8346 9115 9506 8681 
1213 2360 1359 2662 1818 230 465 1244 1068 2282 1061 893 1215 1376 887 1505 0 507 151 746 1144 1374 1218 2035 1383 2561 117 382 1982 230 754 1504 739 1579 2577 459 193 933 1503 1054 1799 2134 139 616 2532 739 980 1777 9809 8821 9516 8049 10561 9368 10440 8865 8006 8484 
714 2004 918 2397 1516 279 54 737 568 2067 704 519 919 1027 455 1019 507 0 369 495 945 895 843 1860 1076 2297 390 127 1625 292 251 1337 354 1178 2393 91 332 427 1281 595 1344 1867 418 112 2375 281 728 1498 8732 8815 8505 8946 9066 10599 9160 9130 9953 10268 
1082 2291 1255 2624 1764 93 323 1103 936 2258 981 804 1156 1303 780 1382 151 369 0 687 1114 1254 1135 2022 1323 2523 64 243 1911 139 611 1489 641 1490 2564 336 42 792 1471 940 1690 2093 154 475 2527 621 930 1730 10191 9825 8879 8718 10629 8049 8484 8090 10538 8687 
717 1615 686 1941 1078 611 532 844 617 1588 332 220 471 632 312 917 746 495 687 0 453 778 490 1371 639 1840 658 536 1237 548 574 844 207 852 1907 432 674 630 799 466 1120 1409 608 519 1884 339 246 1044 8640 9295 9977 9070 10289 10096 9478 8398 9803 8087 
935 1279 699 1519 703 1047 984 1103 897 1145 395 502 231 424 629 997 1144 945 1114 453 0 879 439 919 336 1418 1075 987 924 976 985 393 618 688 1457 884 1108 987 360 688 1034 992 1009 958 1432 745 225 646 9351 8075 8270 9003 8415 9947 8832 8415 9622 9655 
228 1272 207 1805 970 1162 947 372 352 1606 514 559 663 555 504 140 1374 895 1254 778 879 0 444 1512 685 1717 1260 1016 932 1145 704 1140 661 473 1954 919 1221 544 991 329 468 1332 1255 808 1989 636 739 1009 8238 8049 8558 9360 8464 9765 9508 8988 8498 9113 
538 1163 262 1576 691 1049 894 715 546 1294 159 332 221 192 397 558 1218 843 1135 490 439 444 0 1145 286 1479 1119 934 783 1002 768 713 499 363 1637 822 1114 694 580 340 650 1057 1083 804 1649 570 341 693 9267 9466 10017 8638 8901 9087 10479 9718 8118 8538 
1670 906 1308 735 588 1961 1901 1847 1691 292 1215 1378 973 974 1492 1569 2035 1860 2022 1371 919 1512 1145 0 860 646 1978 1905 813 1887 1870 534 1521 1070 543 1802 2019 1830 586 1483 1355 403 1905 1864 515 1638 1133 519 10257 9395 10513 8574 9874 9934 10227 8005 8859 8419 
816 983 480 1321 443 1244 1123 994 831 1015 378 560 169 133 656 773 1383 1076 1323 639 336 685 286 860 0 1222 1296 1150 611 1185 1036 458 723 368 1356 1038 1308 976 306 624 723 793 1245 1054 1364 819 406 424 9760 9592 10530 10110 9550 10452 9618 10512 10343 10389 
1922 585 1541 102 788 2450 2344 2086 1988 358 1598 1782 1380 1287 1871 1722 2561 2297 2523 1840 1418 1717 1479 646 1222 0 2488 2367 796 2384 2246 1091 1944 1246 435 2256 2513 2160 1059 1806 1391 431 2425 2274 569 2039 1595 800 10257 9700 9669 8393 8556 8561 8869 8526 9296 8650 
1096 2269 1251 2589 1735 116 349 1127 951 2218 962 790 1128 1282 776 1390 117 390 64 658 1075 1260 1119 1978 1296 2488 0 266 1889 118 639 1445 632 1477 2521 343 97 816 1433 941 1689 2059 91 500 2481 625 898 1698 9434 8636 9623 9380 8384 8467 10204 9802 8238 8838 
840 2097 1029 2467 1592 153 85 863 694 2123 787 604 988 1113 558 1142 382 127 243 536 987 1016 934 1905 1150 2367 266 0 1716 177 374 1376 436 1279 2443 113 207 552 1334 709 1459 1936 302 235 2418 390 780 1568 10297 8603 9783 10528 8378 9146 10380 9792 10051 9779 
1147 381 774 879 283 1826 1676 1303 1230 771 932 1114 776 608 1174 927 1982 1625 1911 1237 924 932 783 813 611 796 1889 1716 0 1775 1526 807 1281 474 1100 1604 1892 1414 663 1072 605 475 1844 1579 1172 1349 1015 379 9777 9149 8255 9498 9065 8191 10188 8516 10618 9189 
986 2155 1133 2485 1626 83 260 1025 842 2121 847 673 1018 1167 659 1276 230 292 139 548 976 1145 1002 1887 1185 2384 118 177 1775 0 543 1354 514 1360 2429 233 133 716 1334 825 1571 1954 127 404 2393 509 791 1592 9665 84 8551 10046 10412 9547 10224 10415 10219 8036 
498 1898 772 2343 1458 525 290 493 355 2049 660 493 899 959 381 814 754 251 611 574 985 704 768 1870 1036 2246 639 374 1526 543 0 1370 373 1059 2386 324 572 183 1285 455 1168 1823 669 139 2384 242 761 1456 9513 9993 9285 10136 10641 9434 9068 9656 8829 8784 
1250 1091 936 1190 528 1428 1375 1426 1240 783 737 879 504 591 1001 1231 1504 1337 1489 844 393 1140 713 534 458 1091 1445 1376 807 1354 1370 0 1007 794 1076 1275 1486 1354 169 1026 1143 692 1372 1349 1043 1131 614 437 9861 9062 9840 8181 8715 8442 8694 9027 10456 9209 
553 1661 622 2044 1163 553 402 659 434 1718 353 168 567 678 157 799 739 354 641 207 618 661 499 1521 723 1944 632 436 1281 514 373 1007 0 849 2048 323 618 424 937 332 1062 1514 609 344 2035 134 394 1145 8282 10327 9576 8957 10113 8118 9873 9102 10059 9385 
678 840 301 1336 503 1401 1231 841 757 1138 522 687 468 265 724 503 1579 1178 1490 852 688 473 363 1070 368 1246 1477 1279 474 1360 1059 794 849 0 1486 1168 1466 941 627 604 356 860 1444 1122 1528 898 677 554 8012 8394 9315 10065 8824 8879 8430 8961 9643 8511 
2136 988 1760 451 985 2502 2435 2310 2177 349 1727 1899 1488 1453 2006 1986 2577 2393 2564 1907 1457 1954 1637 543 1356 435 2521 2443 1100 2429 2386 1076 2048 1486 0 2338 2561 2331 1112 1976 1701 633 2447 2390 146 2160 1666 953 9751 9112 9362 8415 10162 10211 8592 10597 9768 9509 
754 1984 922 2357 1481 244 105 795 610 2017 675 491 877 1000 449 1048 459 91 336 432 884 919 822 1802 1038 2256 343 113 1604 233 324 1275 323 1168 2338 0 305 488 1228 605 1356 1826 355 190 2316 286 673 1457 10254 9158 9380 10129 9063 9560 8769 9799 53 9499 
1046 2272 1227 2613 1750 66 285 1064 900 2252 961 782 1142 1284 753 1348 193 332 42 674 1108 1221 1114 2019 1308 2513 97 207 1892 133 572 1486 618 1466 2561 305 0 753 1464 910 1661 2082 181 437 2526 590 919 1718 10134 9111 8692 10536 10550 8531 9122 8000 10308 9033 
326 1778 644 2255 1377 704 469 312 194 1987 620 487 861 882 359 643 933 427 792 630 987 544 694 1830 976 2160 816 552 1414 716 183 1354 424 941 2331 488 753 0 1250 357 1011 1745 841 317 2339 301 769 1385 8141 8436 8262 10496 9090 8519 9535 10531 9314 10413 
1117 976 785 1161 396 1403 1324 1294 1121 790 632 793 390 437 907 1075 1503 1281 1471 799 360 991 580 586 306 1059 1433 1334 663 1334 1285 169 937 627 1112 1228 1464 1250 0 909 974 637 1368 1280 1100 1053 555 317 9540 10023 10595 8224 9449 8698 8700 8211 9731 8605 
261 1443 325 1901 1021 848 648 418 214 1632 295 250 524 526 175 467 1054 595 940 466 688 329 340 1483 624 1806 941 709 1072 825 455 1026 332 604 1976 605 910 357 909 0 751 1389 931 525 1988 320 495 1029 10636 8733 8110 8271 10044 10034 8662 9426 8224 8981 
692 872 442 1467 768 1598 1396 805 819 1366 795 921 807 611 913 393 1799 1344 1690 1120 1034 468 650 1355 723 1391 1689 1459 605 1571 1168 1143 1062 356 1701 1356 1661 1011 974 751 0 1071 1671 1264 1766 1071 989 843 8856 10033 8711 9228 9346 8963 10530 9135 10267 8121 
1525 504 1144 532 370 2019 1914 1695 1579 297 1171 1353 949 866 1445 1356 2134 1867 2093 1409 992 1332 1057 403 793 431 2059 1936 475 1954 1823 692 1514 860 633 1826 2082 1745 637 1389 1071 0 1997 1846 698 1611 1164 370 8813 9731 9879 8469 9919 8698 8471 9129 9110 10137 
1104 2223 1231 2526 1680 174 386 1149 961 2149 925 760 1076 1238 761 1389 139 418 154 608 1009 1255 1083 1905 1245 2425 91 302 1844 127 669 1372 609 1444 2447 355 181 841 1368 931 1671 1997 0 530 2405 622 842 1640 8025 8642 9055 9846 8270 9735 8768 8864 8698 10372 
616 1957 850 2373 1489 387 153 629 470 2058 676 495 905 993 408 926 616 112 475 519 958 808 804 1864 1054 2274 500 235 1579 404 139 1349 344 1122 2390 190 437 317 1280 525 1264 1846 530 0 2379 236 735 1477 8771 10362 8988 10396 8738 9366 9305 9158 8908 8224 
2162 1098 1790 594 1025 2468 2415 2338 2193 401 1727 1892 1486 1470 2004 2030 2532 2375 2527 1884 1432 1989 1649 515 1364 569 2481 2418 1172 2393 2384 1043 2035 1528 146 2316 2526 2339 1100 1988 1766 698 2405 2379 0 2152 1647 981 8792 8897 8088 9555 9816 8118 8915 8406 8722 8474 
488 1727 640 2138 1253 528 334 565 352 1826 441 262 673 758 176 768 739 281 621 339 745 636 570 1638 819 2039 625 390 1349 509 242 1131 134 898 2160 286 590 301 1053 320 1071 1611 622 236 2152 0 520 1242 10358 10616 9229 9910 9413 10049 9623 8723 8898 10394 
753 1388 591 1695 839 856 769 911 695 1344 225 282 239 428 410 870 980 728 930 246 225 739 341 1133 406 1595 898 780 1015 791 761 614 394 677 1666 673 919 769 555 495 989 1164 842 735 1647 520 0 801 9012 8005 8415 10092 8749 10540 10548 9227 8824 10607 
1184 661 810 900 97 1654 1545 1359 1226 606 802 984 581 504 1077 1056 1777 1498 1730 1044 646 1009 693 519 424 800 1698 1568 379 1592 1456 437 1145 554 953 1457 1718 1385 317 1029 843 370 1640 1477 981 1242 801 0 10253 8778 8784 9516 8576 10353 8826 9381 8676 9222 
8283 9134 8937 9261 9694 8350 10113 8654 8942 9914 10221 9966 8338 8714 8665 10511 9809 8732 10191 8640 9351 8238 9267 10257 9760 10257 9434 10297 9777 9665 9513 9861 8282 8012 9751 10254 10134 8141 9540 10636 8856 8813 8025 8771 8792 10358 9012 10253 0 966 192 960 240 882 894 960 12 894 
8836 9430 9867 8592 8081 9981 9709 9335 9029 9532 9109 10011 8742 8936 9089 9860 8821 8815 9825 9295 8075 8049 9466 9395 9592 9700 8636 8603 9149 84 9993 9062 10327 8394 9112 9158 9111 8436 10023 8733 10033 9731 8642 10362 8897 10616 8005 8778 966 0 192 240 312 276 1026 942 906 966 
10582 9421 9572 9449 8223 8216 9388 8465 9707 8116 9891 9982 8501 10249 8718 10503 9516 8505 8879 9977 8270 8558 10017 10513 10530 9669 9623 9783 8255 8551 9285 9840 9576 9315 9362 9380 8692 8262 10595 8110 8711 9879 9055 8988 8088 9229 8415 8784 192 192 0 570 726 390 570 570 396 192 
10551 10544 10569 9403 9085 9426 9889 8944 8896 8961 8071 10131 9674 9467 8744 9285 8049 8946 8718 9070 9003 9360 8638 8574 10110 8393 9380 10528 9498 10046 10136 8181 8957 10065 8415 10129 10536 10496 8224 8271 9228 8469 9846 10396 9555 9910 10092 9516 960 240 570 0 756 1152 1026 960 570 1026 
8840 9035 8520 9410 8919 10324 8351 10189 10418 9015 10330 9345 8805 9437 8260 8779 10561 9066 10629 10289 8415 8464 8901 9874 9550 8556 8384 8378 9065 10412 10641 8715 10113 8824 10162 9063 10550 9090 9449 10044 9346 9919 8270 8738 9816 9413 8749 8576 240 312 726 756 0 1152 240 708 594 240 
9749 9898 9136 8434 10643 8019 8573 10028 8870 9934 10593 10449 8158 9683 9025 8013 9368 10599 8049 10096 9947 9765 9087 9934 10452 8561 8467 9146 8191 9547 9434 8442 8118 8879 10211 9560 8531 8519 8698 10034 8963 8698 9735 9366 8118 10049 10540 10353 882 276 390 1152 1152 0 780 894 246 966 
8550 8680 10553 9716 9538 8953 9691 10185 8117 9800 9854 8690 9831 10126 8695 8346 10440 9160 8484 9478 8832 9508 10479 10227 9618 8869 10204 10380 10188 10224 9068 8694 9873 8430 8592 8769 9122 9535 8700 8662 10530 8471 8768 9305 8915 9623 10548 8826 894 1026 570 1026 240 780 0 966 126 894 
9380 9537 8892 8508 9030 8422 10547 8543 8477 8764 10043 8146 9353 9818 9228 9115 8865 9130 8090 8398 8415 8988 9718 8005 10512 8526 9802 9792 8516 10415 9656 9027 9102 8961 10597 9799 8000 10531 8211 9426 9135 9129 8864 9158 8406 8723 9227 9381 960 942 570 960 708 894 966 0 48 582 
9167 8909 9853 8598 10593 8942 8149 8069 9523 9209 8372 9682 8055 7991 8962 9506 8006 9953 10538 9803 9622 8498 8118 8859 10343 9296 8238 10051 10618 10219 8829 10456 10059 9643 9768 53 10308 9314 9731 8224 10267 9110 8698 8908 8722 8898 8824 8676 12 906 396 570 594 246 126 48 0 786 
8611 8461 10514 10596 10075 9939 8479 9419 8013 8625 9594 10314 8935 10475 9046 8681 8484 10268 8687 8087 9655 9113 8538 8419 10389 8650 8838 9779 9189 8036 8784 9209 9385 8511 9509 9499 9033 10413 8605 8981 8121 10137 10372 8224 8474 10394 10607 9222 894 966 192 1026 240 966 894 582 786 0 

0 1495 381 2012 1157 990 764 178 147 1788 542 508 749 696 408 318 1213 714 1082 717 935 228 538 1670 816 1922 1096 840 1147 986 498 1250 553 678 2136 754 1046 326 1117 261 692 1525 1104 616 2162 488 753 1184 10314 10600 9056 8285 10641 9078 10524 10483 8212 10005 
1495 0 1135 637 583 2207 2056 1641 1590 736 1312 1494 1150 988 1552 1243 2360 2004 2291 1615 1279 1272 1163 906 983 585 2269 2097 381 2155 1898 1091 1661 840 988 1984 2272 1778 976 1443 872 504 2223 1957 1098 1727 1388 661 9585 9901 10011 9499 8259 8388 9850 10295 10061 9394 
381 1135 0 1633 778 1163 971 551 457 1412 375 481 474 349 475 301 1359 918 1255 686 699 207 262 1308 480 1541 1251 1029 774 1133 772 936 622 301 1760 922 1227 644 785 325 442 1144 1231 850 1790 640 591 810 8672 10025 9195 10186 8989 10413 9447 10342 10604 10160 
2012 637 1633 0 886 2550 2444 2175 2081 444 1697 1881 1480 1385 1969 1806 2662 2397 2624 1941 1519 1805 1576 735 1321 102 2589 2467 879 2485 2343 1190 2044 1336 451 2357 2613 2255 1161 1901 1467 532 2526 2373 594 2138 1695 900 9553 9180 9662 9438 8679 9934 10078 9034 10578 10634 
1157 583 778 886 0 1686 1565 1329 1210 636 814 999 609 500 1084 1006 1818 1516 1764 1078 703 970 691 588 443 788 1735 1592 283 1626 1458 528 1163 503 985 1481 1750 1377 396 1021 768 370 1680 1489 1025 1253 839 97 10078 8834 9590 9793 7994 10494 8985 9483 9672 10486 
990 2207 1163 2550 1686 0 235 1015 845 2191 895 717 1078 1219 689 1289 230 279 93 611 1047 1162 1049 1961 1244 2450 116 153 1826 83 525 1428 553 1401 2502 244 66 704 1403 848 1598 2019 174 387 2468 528 856 1654 9730 10051 8863 9509 8082 8509 8380 8152 10612 9936 
764 2056 971 2444 1565 235 0 781 618 2111 753 568 965 1077 507 1070 465 54 323 532 984 947 894 1901 1123 2344 349 85 1676 260 290 1375 402 1231 2435 105 285 469 1324 648 1396 1914 386 153 2415 334 769 1545 10161 8262 8726 8595 8675 9420 9481 10017 9605 9303 
178 1641 551 2175 1329 1015 781 0 228 1962 709 649 924 874 534 413 1244 737 1103 844 1103 372 715 1847 994 2086 1127 863 1303 1025 493 1426 659 841 2310 795 1064 312 1294 418 805 1695 1149 629 2338 565 911 1359 9138 8132 9159 9891 10210 10260 10271 10272 8110 9290 
147 1590 457 2081 1210 845 618 228 0 1831 507 425 737 725 307 459 1068 568 936 617 897 352 546 1691 831 1988 951 694 1230 842 355 1240 434 757 2177 610 900 194 1121 214 819 1579 961 470 2193 352 695 1226 8823 8608 8397 10256 10629 8146 8911 10385 8594 9706 
1788 736 1412 444 636 2191 2111 1962 1831 0 1389 1565 1154 1107 1668 1639 2282 2067 2258 1588 1145 1606 1294 292 1015 358 2218 2123 771 2121 2049 783 1718 1138 349 2017 2252 1987 790 1632 1366 297 2149 2058 401 1826 1344 606 8818 10647 8732 8940 9839 9053 10608 10524 9182 10072 
542 1312 375 1697 814 895 753 709 507 1389 0 186 242 326 280 646 1061 704 981 332 395 514 159 1215 378 1598 962 787 932 847 660 737 353 522 1727 675 961 620 632 295 795 1171 925 676 1727 441 225 802 9204 9694 10154 9326 9200 9911 8972 8242 8238 8645 
508 1494 481 1881 999 717 568 649 425 1565 186 0 411 510 129 698 893 519 804 220 502 559 332 1378 560 1782 790 604 1114 673 493 879 168 687 1899 491 782 487 793 250 921 1353 760 495 1892 262 282 984 8883 10200 8846 9128 8369 9212 10104 8402 9448 8537 
749 1150 474 1480 609 1078 965 924 737 1154 242 411 0 205 519 774 1215 919 1156 471 231 663 221 973 169 1380 1128 988 776 1018 899 504 567 468 1488 877 1142 861 390 524 807 949 1076 905 1486 673 239 581 9899 9827 9596 9372 8894 9769 9038 9281 8831 10470 
696 988 349 1385 500 1219 1077 874 725 1107 326 510 205 0 586 641 1376 1027 1303 632 424 555 192 974 133 1287 1282 1113 608 1167 959 591 678 265 1453 1000 1284 882 437 526 611 866 1238 993 1470 758 428 504 8745 8540 10295 10225 9275 10095 9133 8790 8010 8294 
408 1552 475 1969 1084 689 507 534 307 1668 280 129 519 586 0 642 887 455 780 312 629 504 397 1492 656 1871 776 558 1174 659 381 1001 157 724 2006 449 753 359 907 175 913 1445 761 408 2004 176 410 1077 10305 10020 8407 8653 8801 9868 10577 9024 8312 10219 
318 1243 301 1806 1006 1289 1070 413 459 1639 646 698 774 641 642 0 1505 1019 1382 917 997 140 558 1569 773 1722 1390 1142 927 1276 814 1231 799 503 1986 1048 1348 643 1075 467 393 1356 1389 926 2030 768 870 1056 9535 8639 8713 9351 9248 9173 10585 9039 8215 8020 
1213 2360 1359 2662 1818 230 465 1244 1068 2282 1061 893 1215 1376 887 1505 0 507 151 746 1144 1374 1218 2035 1383 2561 117 382 1982 230 754 1504 739 1579 2577 459 193 933 1503 1054 1799 2134 139 616 2532 739 980 1777 9850 9711 10374 9149 9981 9138 8832 9082 8575 8510 
714 2004 918 2397 1516 279 54 737 568 2067 704 519 919 1027 455 1019 507 0 369 495 945 895 843 1860 1076 2297 390 127 1625 292 251 1337 354 1178 2393 91 332 427 1281 595 1344 1867 418 112 2375 281 728 1498 9917 8541 9645 9901 10464 8336 9916 8335 10265 9577 
1082 2291 1255 2624 1764 93 323 1103 936 2258 981 804 1156 1303 780 1382 151 369 0 687 1114 1254 1135 2022 1323 2523 64 243 1911 139 611 1489 641 1490 2564 336 42 792 1471 940 1690 2093 154 475 2527 621 930 1730 8911 8244 10019 9669 9505 9870 8295 9558 8304 9286 
717 1615 686 1941 1078 611 532 844 617 1588 332 220 471 632 312 917 746 495 687 0 453 778 490 1371 639 1840 658 536 1237 548 574 844 207 852 1907 432 674 630 799 466 1120 1409 608 519 1884 339 246 1044 8547 8121 9371 9539 8070 8690 10084 10149 9272 10321 
935 1279 699 1519 703 1047 984 1103 897 1145 395 502 231 424 629 997 1144 945 1114 453 0 879 439 919 336 1418 1075 987 924 976 985 393 618 688 1457 884 1108 987 360 688 1034 992 1009 958 1432 745 225 646 8620 10518 8602 10267 9381 10252 9450 8858 10456 10645 
228 1272 207 1805 970 1162 947 372 352 1606 514 559 663 555 504 140 1374 895 1254 778 879 0 444 1512 685 1717 1260 1016 932 1145 704 1140 661 473 1954 919 1221 544 991 329 468 1332 1255 808 1989 636 739 1009 8089 8604 8927 10455 10335 10421 10551 9370 9939 9334 
538 1163 262 1576 691 1049 894 715 546 1294 159 332 221 192 397 558 1218 843 1135 490 439 444 0 1145 286 1479 1119 934 783 1002 768 713 499 363 1637 822 1114 694 580 340 650 1057 1083 804 1649 570 341 693 10017 9015 8511 9929 9241 9410 10560 10081 9792 9015 
1670 906 1308 735 588 1961 1901 1847 1691 292 1215 1378 973 974 1492 1569 2035 1860 2022 1371 919 1512 1145 0 860 646 1978 1905 813 1887 1870 534 1521 1070 543 1802 2019 1830 586 1483 1355 403 1905 1864 515 1638 1133 519 8749 8995 8934 8723 9177 8212 8747 10002 7993 10345 
816 983 480 1321 443 1244 1123 994 831 1015 378 560 169 133 656 773 1383 1076 1323 639 336 685 286 860 0 1222 1296 1150 611 1185 1036 458 723 368 1356 1038 1308 976 306 624 723 793 1245 1054 1364 819 406 424 8562 9956 8896 8499 10370 9607 10149 10093 8913 9812 
1922 585 1541 102 788 2450 2344 2086 1988 358 1598 1782 1380 1287 1871 1722 2561 2297 2523 1840 1418 1717 1479 646 1222 0 2488 2367 796 2384 2246 1091 1944 1246 435 2256 2513 2160 1059 1806 1391 431 2425 2274 569 2039 1595 800 9749 9103 8257 9076 9908 8076 8772 8611 9757 8362 
1096 2269 1251 2589 1735 116 349 1127 951 2218 962 790 1128 1282 776 1390 117 390 64 658 1075 1260 1119 1978 1296 2488 0 266 1889 118 639 1445 632 1477 2521 343 97 816 1433 941 1689 2059 91 500 2481 625 898 1698 8255 8178 8198 9304 8810 10489 9692 9687 8346 8593 
840 2097 1029 2467 1592 153 85 863 694 2123 787 604 988 1113 558 1142 382 127 243 536 987 1016 934 1905 1150 2367 266 0 1716 177 374 1376 436 1279 2443 113 207 552 1334 709 1459 1936 302 235 2418 390 780 1568 8569 9495 8036 10166 8447 8187 8592 10195 10182 9624 
1147 381 774 879 283 1826 1676 1303 1230 771 932 1114 776 608 1174 927 1982 1625 1911 1237 924 932 783 813 611 796 1889 1716 0 1775 1526 807 1281 474 1100 1604 1892 1414 663 1072 605 475 1844 1579 1172 1349 1015 379 8839 8894 8301 9323 8156 8338 8181 9186 9762 8156 
986 2155 1133 2485 1626 83 260 1025 842 2121 847 673 1018 1167 659 1276 230 292 139 548 976 1145 1002 1887 1185 2384 118 177 1775 0 543 1354 514 1360 2429 233 133 716 1334 825 1571 1954 127 404 2393 509 791 1592 8481 27 9791 10007 10387 9180 10463 9028 9060 9095 
498 1898 772 2343 1458 525 290 493 355 2049 660 493 899 959 381 814 754 251 611 574 985 704 768 1870 1036 2246 639 374 1526 543 0 1370 373 1059 2386 324 572 183 1285 455 1168 1823 669 139 2384 242 761 1456 8492 9093 9646 8400 9027 9523 8699 9888 8354 8993 
1250 1091 936 1190 528 1428 1375 1426 1240 783 737 879 504 591 1001 1231 1504 1337 1489 844 393 1140 713 534 458 1091 1445 1376 807 1354 1370 0 1007 794 1076 1275 1486 1354 169 1026 1143 692 1372 1349 1043 1131 614 437 8254 9885 8063 9555 8285 9658 8479 9983 10474 8836 
553 1661 622 2044 1163 553 402 659 434 1718 353 168 567 678 157 799 739 354 641 207 618 661 499 1521 723 1944 632 436 1281 514 373 1007 0 849 2048 323 618 424 937 332 1062 1514 609 344 2035 134 394 1145 8122 9436 10526 8256 8582 10096 9548 9948 8463 8439 
678 840 301 1336 503 1401 1231 841 757 1138 522 687 468 265 724 503 1579 1178 1490 852 688 473 363 1070 368 1246 1477 1279 474 1360 1059 794 849 0 1486 1168 1466 941 627 604 356 860 1444 1122 1528 898 677 554 10482 10582 10494 9773 8924 9072 8463 9271 10298 10245 
2136 988 1760 451 985 2502 2435 2310 2177 349 1727 1899 1488 1453 2006 1986 2577 2393 2564 1907 1457 1954 1637 543 1356 435 2521 2443 1100 2429 2386 1076 2048 1486 0 2338 2561 2331 1112 1976 1701 633 2447 2390 146 2160 1666 953 9668 10539 10078 10342 9012 10266 9652 9049 10055 9225 
754 1984 922 2357 1481 244 105 795 610 2017 675 491 877 1000 449 1048 459 91 336 432 884 919 822 1802 1038 2256 343 113 1604 233 324 1275 323 1168 2338 0 305 488 1228 605 1356 1826 355 190 2316 286 673 1457 8935 9206 9585 8059 8823 8829 8911 9674 71 10616 
1046 2272 1227 2613 1750 66 285 1064 900 2252 961 782 1142 1284 753 1348 193 332 42 674 1108 1221 1114 2019 1308 2513 97 207 1892 133 572 1486 618 1466 2561 305 0 753 1464 910 1661 2082 181 437 2526 590 919 1718 10158 10448 10501 8775 10386 10011 8753 9384 8577 9645 
326 1778 644 2255 1377 704 469 312 194 1987 620 487 861 882 359 643 933 427 792 630 987 544 694 1830 976 2160 816 552 1414 716 183 1354 424 941 2331 488 753 0 1250 357 1011 1745 841 317 2339 301 769 1385 8495 9197 9660 10326 10611 8339 8162 9401 9167 8309 
1117 976 785 1161 396 1403 1324 1294 1121 790 632 793 390 437 907 1075 1503 1281 1471 799 360 991 580 586 306 1059 1433 1334 663 1334 1285 169 937 627 1112 1228 1464 1250 0 909 974 637 1368 1280 1100 1053 555 317 8773 7988 9233 9997 10344 10434 10595 8247 10310 9474 
261 1443 325 1901 1021 848 648 418 214 1632 295 250 524 526 175 467 1054 595 940 466 688 329 340 1483 624 1806 941 709 1072 825 455 1026 332 604 1976 605 910 357 909 0 751 1389 931 525 1988 320 495 1029 8642 8745 10074 10213 9710 8282 8690 8994 9855 9607 
692 872 442 1467 768 1598 1396 805 819 1366 795 921 807 611 913 393 1799 1344 1690 1120 1034 468 650 1355 723 1391 1689 1459 605 1571 1168 1143 1062 356 1701 1356 1661 1011 974 751 0 1071 1671 1264 1766 1071 989 843 9430 9087 8555 9631 8733 10176 8253 10421 10030 10422 
1525 504 1144 532 370 2019 1914 1695 1579 297 1171 1353 949 866 1445 1356 2134 1867 2093 1409 992 1332 1057 403 793 431 2059 1936 475 1954 1823 692 1514 860 633 1826 2082 1745 637 1389 1071 0 1997 1846 698 1611 1164 370 8484 10127 10285 8122 10062 9562 9741 10575 8585 9618 
1104 2223 1231 2526 1680 174 386 1149 961 2149 925 760 1076 1238 761 1389 139 418 154 608 1009 1255 1083 1905 1245 2425 91 302 1844 127 669 1372 609 1444 2447 355 181 841 1368 931 1671 1997 0 530 2405 622 842 1640 10000 9548 8403 10186 8615 9869 8707 9248 9546 10359 
616 1957 850 2373 1489 387 153 629 470 2058 676 495 905 993 408 926 616 112 475 519 958 808 804 1864 1054 2274 500 235 1579 404 139 1349 344 1122 2390 190 437 317 1280 525 1264 1846 530 0 2379 236 735 1477 8596 9454 8977 8506 9716 10302 9672 10189 9134 9596 
2162 1098 1790 594 1025 2468 2415 2338 2193 401 1727 1892 1486 1470 2004 2030 2532 2375 2527 1884 1432 1989 1649 515 1364 569 2481 2418 1172 2393 2384 1043 2035 1528 146 2316 2526 2339 1100 1988 1766 698 2405 2379 0 2152 1647 981 9242 9748 10315 10214 8537 9084 7996 10012 9836 9102 
488 1727 640 2138 1253 528 334 565 352 1826 441 262 673 758 176 768 739 281 621 339 745 636 570 1638 819 2039 625 390 1349 509 242 1131 134 898 2160 286 590 301 1053 320 1071 1611 622 236 2152 0 520 1242 8911 9253 10219 10454 10038 10000 10212 9232 9346 9437 
753 1388 591 1695 839 856 769 911 695 1344 225 282 239 428 410 870 980 728 930 246 225 739 341 1133 406 1595 898 780 1015 791 761 614 394 677 1666 673 919 769 555 495 989 1164 842 735 1647 520 0 801 10578 8632 9364 8876 8634 10377 9987 7989 8388 10351 
1184 661 810 900 97 1654 1545 1359 1226 606 802 984 581 504 1077 1056 1777 1498 1730 1044 646 1009 693 519 424 800 1698 1568 379 1592 1456 437 1145 554 953 1457 1718 1385 317 1029 843 370 1640 1477 981 1242 801 0 10241 10408 9984 9795 9019 8174 8207 9072 8010 8376 
10314 9585 8672 9553 10078 9730 10161 9138 8823 8818 9204 8883 9899 8745 10305 9535 9850 9917 8911 8547 8620 8089 10017 8749 8562 9749 8255 8569 8839 8481 8492 8254 8122 10482 9668 8935 10158 8495 8773 8642 9430 8484 10000 8596 9242 8911 10578 10241 0 420 174 240 828 318 306 240 1188 306 
10600 9901 10025 9180 8834 10051 8262 8132 8608 10647 9694 10200 9827 8540 10020 8639 9711 8541 8244 8121 10518 8604 9015 8995 9956 9103 8178 9495 8894 27 9093 9885 9436 10582 10539 9206 10448 9197 7988 8745 9087 10127 9548 9454 9748 9253 8632 10408 420 0 174 960 888 924 234 258 294 420 
9056 10011 9195 9662 9590 8863 8726 9159 8397 8732 10154 8846 9596 10295 8407 8713 10374 9645 10019 9371 8602 8927 8511 8934 8896 8257 8198 8036 8301 9791 9646 8063 10526 10494 10078 9585 10501 9660 9233 10074 8555 10285 8403 8977 10315 10219 9364 9984 174 174 0 630 474 810 630 630 804 174 
8285 9499 10186 9438 9793 9509 8595 9891 10256 8940 9326 9128 9372 10225 8653 9351 9149 9901 9669 9539 10267 10455 9929 8723 8499 9076 9304 10166 9323 10007 8400 9555 8256 9773 10342 8059 8775 10326 9997 10213 9631 8122 10186 8506 10214 10454 8876 9795 240 960 630 0 444 48 174 240 630 174 
10641 8259 8989 8679 7994 8082 8675 10210 10629 9839 9200 8369 8894 9275 8801 9248 9981 10464 9505 8070 9381 10335 9241 9177 10370 9908 8810 8447 8156 10387 9027 8285 8582 8924 9012 8823 10386 10611 10344 9710 8733 10062 8615 9716 8537 10038 8634 9019 828 888 474 444 0 48 828 258 606 828 
9078 8388 10413 9934 10494 8509 9420 10260 8146 9053 9911 9212 9769 10095 9868 9173 9138 8336 9870 8690 10252 10421 9410 8212 9607 8076 10489 8187 8338 9180 9523 9658 10096 9072 10266 8829 10011 8339 10434 8282 10176 9562 9869 10302 9084 10000 10377 8174 318 924 810 48 48 0 420 306 954 234 
10524 9850 9447 10078 8985 8380 9481 10271 8911 10608 8972 10104 9038 9133 10577 10585 8832 9916 8295 10084 9450 10551 10560 8747 10149 8772 9692 8592 8181 10463 8699 8479 9548 8463 9652 8911 8753 8162 10595 8690 8253 9741 8707 9672 7996 10212 9987 8207 306 234 630 174 828 420 0 234 1074 306 
10483 10295 10342 9034 9483 8152 10017 10272 10385 10524 8242 8402 9281 8790 9024 9039 9082 8335 9558 10149 8858 9370 10081 10002 10093 8611 9687 10195 9186 9028 9888 9983 9948 9271 9049 9674 9384 9401 8247 8994 10421 10575 9248 10189 10012 9232 7989 9072 240 258 630 240 258 306 234 0 1152 618 
8212 10061 10604 10578 9672 10612 9605 8110 8594 9182 8238 9448 8831 8010 8312 8215 8575 10265 8304 9272 10456 9939 9792 7993 8913 9757 8346 10182 9762 9060 8354 10474 8463 10298 10055 71 8577 9167 10310 9855 10030 8585 9546 9134 9836 9346 8388 8010 1188 294 804 630 606 954 1074 1152 0 414 
10005 9394 10160 10634 10486 9936 9303 9290 9706 10072 8645 8537 10470 8294 10219 8020 8510 9577 9286 10321 10645 9334 9015 10345 9812 8362 8593 9624 8156 9095 8993 8836 8439 10245 9225 10616 9645 8309 9474 9607 10422 9618 10359 9596 9102 9437 10351 8376 306 420 174 174 828 234 306 618 414 0 
