0 1495 381 2012 1157 990 764 178 147 1788 542 508 749 696 408 318 1213 714 1082 717 935 228 538 1670 816 1922 1096 840 1147 986 498 1250 553 678 2136 754 1046 326 1117 261 692 1525 1104 616 2162 488 753 1184 9118 10484 10603 10286 8802 10510 8673 9159 8178 9183 
1495 0 1135 637 583 2207 2056 1641 1590 736 1312 1494 1150 988 1552 1243 2360 2004 2291 1615 1279 1272 1163 906 983 585 2269 2097 381 2155 1898 1091 1661 840 988 1984 2272 1778 976 1443 872 504 2223 1957 1098 1727 1388 661 9107 8398 8564 10404 9076 9899 8526 8233 8984 9200 
381 1135 0 1633 778 1163 971 551 457 1412 375 481 474 349 475 301 1359 918 1255 686 699 207 262 1308 480 1541 1251 1029 774 1133 772 936 622 301 1760 922 1227 644 785 325 442 1144 1231 850 1790 640 591 810 9428 8407 8711 10022 8143 10634 9300 8372 8389 8713 
2012 637 1633 0 886 2550 2444 2175 2081 444 1697 1881 1480 1385 1969 1806 2662 2397 2624 1941 1519 1805 1576 735 1321 102 2589 2467 879 2485 2343 1190 2044 1336 451 2357 2613 2255 1161 1901 1467 532 2526 2373 594 2138 1695 900 8711 8267 8538 10036 8340 9191 9988 10040 9935 10639 
1157 583 778 886 0 1686 1565 1329 1210 636 814 999 609 500 1084 1006 1818 1516 1764 1078 703 970 691 588 443 788 1735 1592 283 1626 1458 528 1163 503 985 1481 1750 1377 396 1021 768 370 1680 1489 1025 1253 839 97 10055 8626 10512 8266 10013 9561 10094 9961 9529 10643 
990 2207 1163 2550 1686 0 235 1015 845 2191 895 717 1078 1219 689 1289 230 279 93 611 1047 1162 1049 1961 1244 2450 116 153 1826 83 525 1428 553 1401 2502 244 66 704 1403 848 1598 2019 174 387 2468 528 856 1654 9525 8260 8444 8467 9446 10457 9294 9208 10168 8581 
764 2056 971 2444 1565 235 0 781 618 2111 753 568 965 1077 507 1070 465 54 323 532 984 947 894 1901 1123 2344 349 85 1676 260 290 1375 402 1231 2435 105 285 469 1324 648 1396 1914 386 153 2415 334 769 1545 8152 9274 10120 8867 8197 8826 9706 9138 10371 8867 
178 1641 551 2175 1329 1015 781 0 228 1962 709 649 924 874 534 413 1244 737 1103 844 1103 372 715 1847 994 2086 1127 863 1303 1025 493 1426 659 841 2310 795 1064 312 1294 418 805 1695 1149 629 2338 565 911 1359 10366 10512 8914 8905 8881 9185 10097 9254 9838 8887 
147 1590 457 2081 1210 845 618 228 0 1831 507 425 737 725 307 459 1068 568 936 617 897 352 546 1691 831 1988 951 694 1230 842 355 1240 434 757 2177 610 900 194 1121 214 819 1579 961 470 2193 352 695 1226 10536 9971 8249 10435 10371 10356 9722 8212 8162 8386 
1788 736 1412 444 636 2191 2111 1962 1831 0 1389 1565 1154 1107 1668 1639 2282 2067 2258 1588 1145 1606 1294 292 1015 358 2218 2123 771 2121 2049 783 1718 1138 349 2017 2252 1987 790 1632 1366 297 2149 2058 401 1826 1344 606 10156 10498 8229 10033 10203 10312 8636 8542 8221 9137 
542 1312 375 1697 814 895 753 709 507 1389 0 186 242 326 280 646 1061 704 981 332 395 514 159 1215 378 1598 962 787 932 847 660 737 353 522 1727 675 961 620 632 295 795 1171 925 676 1727 441 225 802 10217 8204 10601 8735 9034 9027 8487 8781 9476 8347 
508 1494 481 1881 999 717 568 649 425 1565 186 0 411 510 129 698 893 519 804 220 502 559 332 1378 560 1782 790 604 1114 673 493 879 168 687 1899 491 782 487 793 250 921 1353 760 495 1892 262 282 984 8018 9606 8205 9837 8404 10058 9933 10510 9609 9404 
749 1150 474 1480 609 1078 965 924 737 1154 242 411 0 205 519 774 1215 919 1156 471 231 663 221 973 169 1380 1128 988 776 1018 899 504 567 468 1488 877 1142 861 390 524 807 949 1076 905 1486 673 239 581 9273 8174 10561 10585 8907 8172 9776 9728 8478 8049 
696 988 349 1385 500 1219 1077 874 725 1107 326 510 205 0 586 641 1376 1027 1303 632 424 555 192 974 133 1287 1282 1113 608 1167 959 591 678 265 1453 1000 1284 882 437 526 611 866 1238 993 1470 758 428 504 10058 9376 9711 9765 8299 8328 9808 10312 10585 8586 
408 1552 475 1969 1084 689 507 534 307 1668 280 129 519 586 0 642 887 455 780 312 629 504 397 1492 656 1871 776 558 1174 659 381 1001 157 724 2006 449 753 359 907 175 913 1445 761 408 2004 176 410 1077 9046 9012 9796 8727 9805 8898 8595 9385 8548 8081 
318 1243 301 1806 1006 1289 1070 413 459 1639 646 698 774 641 642 0 1505 1019 1382 917 997 140 558 1569 773 1722 1390 1142 927 1276 814 1231 799 503 1986 1048 1348 643 1075 467 393 1356 1389 926 2030 768 870 1056 9813 9397 9773 8136 9740 9995 8546 9427 23 8938 
1213 2360 1359 2662 1818 230 465 1244 1068 2282 1061 893 1215 1376 887 1505 0 507 151 746 1144 1374 1218 2035 1383 2561 117 382 1982 230 754 1504 739 1579 2577 459 193 933 1503 1054 1799 2134 139 616 2532 739 980 1777 9923 9470 10157 9517 9695 10467 10530 9349 8497 9067 
714 2004 918 2397 1516 279 54 737 568 2067 704 519 919 1027 455 1019 507 0 369 495 945 895 843 1860 1076 2297 390 127 1625 292 251 1337 354 1178 2393 91 332 427 1281 595 1344 1867 418 112 2375 281 728 1498 9569 9615 10457 9769 10550 10129 8660 9043 8053 9033 
1082 2291 1255 2624 1764 93 323 1103 936 2258 981 804 1156 1303 780 1382 151 369 0 687 1114 1254 1135 2022 1323 2523 64 243 1911 139 611 1489 641 1490 2564 336 42 792 1471 940 1690 2093 154 475 2527 621 930 1730 10503 8503 8691 8452 9315 10206 9193 9126 8545 8072 
717 1615 686 1941 1078 611 532 844 617 1588 332 220 471 632 312 917 746 495 687 0 453 778 490 1371 639 1840 658 536 1237 548 574 844 207 852 1907 432 674 630 799 466 1120 1409 608 519 1884 339 246 1044 9243 10567 9151 9747 9348 8479 10382 8184 10316 9446 
935 1279 699 1519 703 1047 984 1103 897 1145 395 502 231 424 629 997 1144 945 1114 453 0 879 439 919 336 1418 1075 987 924 976 985 393 618 688 1457 884 1108 987 360 688 1034 992 1009 958 1432 745 225 646 10283 8645 8304 10390 9772 8766 9639 9656 10059 10155 
228 1272 207 1805 970 1162 947 372 352 1606 514 559 663 555 504 140 1374 895 1254 778 879 0 444 1512 685 1717 1260 1016 932 1145 704 1140 661 473 1954 919 1221 544 991 329 468 1332 1255 808 1989 636 739 1009 8752 8097 65 9950 8362 9370 10523 8719 10205 9101 
538 1163 262 1576 691 1049 894 715 546 1294 159 332 221 192 397 558 1218 843 1135 490 439 444 0 1145 286 1479 1119 934 783 1002 768 713 499 363 1637 822 1114 694 580 340 650 1057 1083 804 1649 570 341 693 8028 8536 9085 10168 9778 8419 8206 9210 8521 9805 
1670 906 1308 735 588 1961 1901 1847 1691 292 1215 1378 973 974 1492 1569 2035 1860 2022 1371 919 1512 1145 0 860 646 1978 1905 813 1887 1870 534 1521 1070 543 1802 2019 1830 586 1483 1355 403 1905 1864 515 1638 1133 519 9016 8529 9232 8849 8665 8430 8326 9689 8682 8172 
816 983 480 1321 443 1244 1123 994 831 1015 378 560 169 133 656 773 1383 1076 1323 639 336 685 286 860 0 1222 1296 1150 611 1185 1036 458 723 368 1356 1038 1308 976 306 624 723 793 1245 1054 1364 819 406 424 10371 10307 9899 8642 9278 10480 8401 8065 9932 8018 
1922 585 1541 102 788 2450 2344 2086 1988 358 1598 1782 1380 1287 1871 1722 2561 2297 2523 1840 1418 1717 1479 646 1222 0 2488 2367 796 2384 2246 1091 1944 1246 435 2256 2513 2160 1059 1806 1391 431 2425 2274 569 2039 1595 800 9320 9381 8742 8104 10595 8976 9262 10601 9043 9366 
1096 2269 1251 2589 1735 116 349 1127 951 2218 962 790 1128 1282 776 1390 117 390 64 658 1075 1260 1119 1978 1296 2488 0 266 1889 118 639 1445 632 1477 2521 343 97 816 1433 941 1689 2059 91 500 2481 625 898 1698 10568 8486 9658 9467 10369 9273 10259 9903 9451 10518 
840 2097 1029 2467 1592 153 85 863 694 2123 787 604 988 1113 558 1142 382 127 243 536 987 1016 934 1905 1150 2367 266 0 1716 177 374 1376 436 1279 2443 113 207 552 1334 709 1459 1936 302 235 2418 390 780 1568 8306 8974 8591 9322 9403 8917 9986 10622 7999 9789 
1147 381 774 879 283 1826 1676 1303 1230 771 932 1114 776 608 1174 927 1982 1625 1911 1237 924 932 783 813 611 796 1889 1716 0 1775 1526 807 1281 474 1100 1604 1892 1414 663 1072 605 475 1844 1579 1172 1349 1015 379 8050 8792 8732 8793 10086 9562 8579 9065 8800 10420 
986 2155 1133 2485 1626 83 260 1025 842 2121 847 673 1018 1167 659 1276 230 292 139 548 976 1145 1002 1887 1185 2384 118 177 1775 0 543 1354 514 1360 2429 233 133 716 1334 825 1571 1954 127 404 2393 509 791 1592 10453 9091 8901 10236 9486 8311 9838 10601 9318 9336 
498 1898 772 2343 1458 525 290 493 355 2049 660 493 899 959 381 814 754 251 611 574 985 704 768 1870 1036 2246 639 374 1526 543 0 1370 373 1059 2386 324 572 183 1285 455 1168 1823 669 139 2384 242 761 1456 8089 9727 8223 8798 8917 10346 8498 9210 10200 10232 
1250 1091 936 1190 528 1428 1375 1426 1240 783 737 879 504 591 1001 1231 1504 1337 1489 844 393 1140 713 534 458 1091 1445 1376 807 1354 1370 0 1007 794 1076 1275 1486 1354 169 1026 1143 692 1372 1349 1043 1131 614 437 7998 10422 8326 10129 8861 8397 9077 9416 10531 10526 
553 1661 622 2044 1163 553 402 659 434 1718 353 168 567 678 157 799 739 354 641 207 618 661 499 1521 723 1944 632 436 1281 514 373 1007 0 849 2048 323 618 424 937 332 1062 1514 609 344 2035 134 394 1145 8341 8917 10016 8435 10124 9541 9041 8217 9358 9673 
678 840 301 1336 503 1401 1231 841 757 1138 522 687 468 265 724 503 1579 1178 1490 852 688 473 363 1070 368 1246 1477 1279 474 1360 1059 794 849 0 1486 1168 1466 941 627 604 356 860 1444 1122 1528 898 677 554 8991 9380 8572 8351 9840 8529 10389 10612 9487 9419 
2136 988 1760 451 985 2502 2435 2310 2177 349 1727 1899 1488 1453 2006 1986 2577 2393 2564 1907 1457 1954 1637 543 1356 435 2521 2443 1100 2429 2386 1076 2048 1486 0 2338 2561 2331 1112 1976 1701 633 2447 2390 146 2160 1666 953 9055 9447 9395 9284 8616 8814 8150 9255 9312 10002 
754 1984 922 2357 1481 244 105 795 610 2017 675 491 877 1000 449 1048 459 91 336 432 884 919 822 1802 1038 2256 343 113 1604 233 324 1275 323 1168 2338 0 305 488 1228 605 1356 1826 355 190 2316 286 673 1457 9121 8098 9170 9163 9245 10341 8751 10617 8396 8733 
1046 2272 1227 2613 1750 66 285 1064 900 2252 961 782 1142 1284 753 1348 193 332 42 674 1108 1221 1114 2019 1308 2513 97 207 1892 133 572 1486 618 1466 2561 305 0 753 1464 910 1661 2082 181 437 2526 590 919 1718 8627 8384 10012 8629 8031 10394 10309 9757 9817 8687 
326 1778 644 2255 1377 704 469 312 194 1987 620 487 861 882 359 643 933 427 792 630 987 544 694 1830 976 2160 816 552 1414 716 183 1354 424 941 2331 488 753 0 1250 357 1011 1745 841 317 2339 301 769 1385 9277 9193 9209 10194 8293 9072 9986 8704 8573 9404 
1117 976 785 1161 396 1403 1324 1294 1121 790 632 793 390 437 907 1075 1503 1281 1471 799 360 991 580 586 306 1059 1433 1334 663 1334 1285 169 937 627 1112 1228 1464 1250 0 909 974 637 1368 1280 1100 1053 555 317 9748 8510 8684 8301 9976 8377 8325 10488 8230 10108 
261 1443 325 1901 1021 848 648 418 214 1632 295 250 524 526 175 467 1054 595 940 466 688 329 340 1483 624 1806 941 709 1072 825 455 1026 332 604 1976 605 910 357 909 0 751 1389 931 525 1988 320 495 1029 8261 8205 8380 8917 9196 8083 9936 9101 9184 9554 
692 872 442 1467 768 1598 1396 805 819 1366 795 921 807 611 913 393 1799 1344 1690 1120 1034 468 650 1355 723 1391 1689 1459 605 1571 1168 1143 1062 356 1701 1356 1661 1011 974 751 0 1071 1671 1264 1766 1071 989 843 9858 9404 9964 8657 8327 9064 10154 9062 10066 10370 
1525 504 1144 532 370 2019 1914 1695 1579 297 1171 1353 949 866 1445 1356 2134 1867 2093 1409 992 1332 1057 403 793 431 2059 1936 475 1954 1823 692 1514 860 633 1826 2082 1745 637 1389 1071 0 1997 1846 698 1611 1164 370 9074 8012 9200 8270 8433 8132 8624 9401 9231 10327 
1104 2223 1231 2526 1680 174 386 1149 961 2149 925 760 1076 1238 761 1389 139 418 154 608 1009 1255 1083 1905 1245 2425 91 302 1844 127 669 1372 609 1444 2447 355 181 841 1368 931 1671 1997 0 530 2405 622 842 1640 8092 9661 9235 9959 10559 9807 8836 9682 8231 8064 
616 1957 850 2373 1489 387 153 629 470 2058 676 495 905 993 408 926 616 112 475 519 958 808 804 1864 1054 2274 500 235 1579 404 139 1349 344 1122 2390 190 437 317 1280 525 1264 1846 530 0 2379 236 735 1477 8170 8312 9559 10456 8601 10418 9758 10250 8632 8626 
2162 1098 1790 594 1025 2468 2415 2338 2193 401 1727 1892 1486 1470 2004 2030 2532 2375 2527 1884 1432 1989 1649 515 1364 569 2481 2418 1172 2393 2384 1043 2035 1528 146 2316 2526 2339 1100 1988 1766 698 2405 2379 0 2152 1647 981 9222 9218 9773 9303 9161 8051 8840 10537 10482 9055 
488 1727 640 2138 1253 528 334 565 352 1826 441 262 673 758 176 768 739 281 621 339 745 636 570 1638 819 2039 625 390 1349 509 242 1131 134 898 2160 286 590 301 1053 320 1071 1611 622 236 2152 0 520 1242 8452 9669 8835 10152 9751 10440 8882 9993 8811 9718 
753 1388 591 1695 839 856 769 911 695 1344 225 282 239 428 410 870 980 728 930 246 225 739 341 1133 406 1595 898 780 1015 791 761 614 394 677 1666 673 919 769 555 495 989 1164 842 735 1647 520 0 801 8626 10592 9024 8350 8143 10560 9317 9206 9459 9478 
1184 661 810 900 97 1654 1545 1359 1226 606 802 984 581 504 1077 1056 1777 1498 1730 1044 646 1009 693 519 424 800 1698 1568 379 1592 1456 437 1145 554 953 1457 1718 1385 317 1029 843 370 1640 1477 981 1242 801 0 9873 8323 9298 9571 9454 10111 10306 8155 9750 9713 
9118 9107 9428 8711 10055 9525 8152 10366 10536 10156 10217 8018 9273 10058 9046 9813 9923 9569 10503 9243 10283 8752 8028 9016 10371 9320 10568 8306 8050 10453 8089 7998 8341 8991 9055 9121 8627 9277 9748 8261 9858 9074 8092 8170 9222 8452 8626 9873 0 895 495 575 830 95 910 690 830 830 
10484 8398 8407 8267 8626 8260 9274 10512 9971 10498 8204 9606 8174 9376 9012 9397 9470 9615 8503 10567 8645 8097 8536 8529 10307 9381 8486 8974 8792 9091 9727 10422 8917 9380 9447 8098 8384 9193 8510 8205 9404 8012 9661 8312 9218 9669 10592 8323 895 0 830 665 500 820 830 300 205 910 
10603 8564 8711 8538 10512 8444 10120 8914 8249 8229 10601 8205 10561 9711 9796 9773 10157 10457 8691 9151 8304 65 9085 9232 9899 8742 9658 8591 8732 8901 8223 8326 10016 8572 9395 9170 10012 9209 8684 8380 9964 9200 9235 9559 9773 8835 9024 9298 495 830 0 435 495 555 690 660 495 660 
10286 10404 10022 10036 8266 8467 8867 8905 10435 10033 8735 9837 10585 9765 8727 8136 9517 9769 8452 9747 10390 9950 10168 8849 8642 8104 9467 9322 8793 10236 8798 10129 8435 8351 9284 9163 8629 10194 8301 8917 8657 8270 9959 10456 9303 10152 8350 9571 575 665 435 0 575 535 95 880 720 495 
8802 9076 8143 8340 10013 9446 8197 8881 10371 10203 9034 8404 8907 8299 9805 9740 9695 10550 9315 9348 9772 8362 9778 8665 9278 10595 10369 9403 10086 9486 8917 8861 10124 9840 8616 9245 8031 8293 9976 9196 8327 8433 10559 8601 9161 9751 8143 9454 830 500 495 575 0 200 495 690 830 825 
10510 9899 10634 9191 9561 10457 8826 9185 10356 10312 9027 10058 8172 8328 8898 9995 10467 10129 10206 8479 8766 9370 8419 8430 10480 8976 9273 8917 9562 8311 10346 8397 9541 8529 8814 10341 10394 9072 8377 8083 9064 8132 9807 10418 8051 10440 10560 10111 95 820 555 535 200 0 640 715 760 105 
8673 8526 9300 9988 10094 9294 9706 10097 9722 8636 8487 9933 9776 9808 8595 8546 10530 8660 9193 10382 9639 10523 8206 8326 8401 9262 10259 9986 8579 9838 8498 9077 9041 10389 8150 8751 10309 9986 8325 9936 10154 8624 8836 9758 8840 8882 9317 10306 910 830 690 95 495 640 0 595 910 690 
9159 8233 8372 10040 9961 9208 9138 9254 8212 8542 8781 10510 9728 10312 9385 9427 9349 9043 9126 8184 9656 8719 9210 9689 8065 10601 9903 10622 9065 10601 9210 9416 8217 10612 9255 10617 9757 8704 10488 9101 9062 9401 9682 10250 10537 9993 9206 8155 690 300 660 880 690 715 595 0 130 660 
8178 8984 8389 9935 9529 10168 10371 9838 8162 8221 9476 9609 8478 10585 8548 23 8497 8053 8545 10316 10059 10205 8521 8682 9932 9043 9451 7999 8800 9318 10200 10531 9358 9487 9312 8396 9817 8573 8230 9184 10066 9231 8231 8632 10482 8811 9459 9750 830 205 495 720 830 760 910 130 0 130 
9183 9200 8713 10639 10643 8581 8867 8887 8386 9137 8347 9404 8049 8586 8081 8938 9067 9033 8072 9446 10155 9101 9805 8172 8018 9366 10518 9789 10420 9336 10232 10526 9673 9419 10002 8733 8687 9404 10108 9554 10370 10327 8064 8626 9055 9718 9478 9713 830 910 660 495 825 105 690 660 130 0 

0 1495 381 2012 1157 990 764 178 147 1788 542 508 749 696 408 318 1213 714 1082 717 935 228 538 1670 816 1922 1096 840 1147 986 498 1250 553 678 2136 754 1046 326 1117 261 692 1525 1104 616 2162 488 753 1184 8170 8482 8412 9696 8052 9501 8431 8467 8993 8889 
1495 0 1135 637 583 2207 2056 1641 1590 736 1312 1494 1150 988 1552 1243 2360 2004 2291 1615 1279 1272 1163 906 983 585 2269 2097 381 2155 1898 1091 1661 840 988 1984 2272 1778 976 1443 872 504 2223 1957 1098 1727 1388 661 8423 10411 10390 9253 10596 8623 9831 10346 9727 8979 
381 1135 0 1633 778 1163 971 551 457 1412 375 481 474 349 475 301 1359 918 1255 686 699 207 262 1308 480 1541 1251 1029 774 1133 772 936 622 301 1760 922 1227 644 785 325 442 1144 1231 850 1790 640 591 810 9598 10152 8609 9276 8433 10092 9957 8097 9994 8406 
2012 637 1633 0 886 2550 2444 2175 2081 444 1697 1881 1480 1385 1969 1806 2662 2397 2624 1941 1519 1805 1576 735 1321 102 2589 2467 879 2485 2343 1190 2044 1336 451 2357 2613 2255 1161 1901 1467 532 2526 2373 594 2138 1695 900 8269 9373 8293 10345 9980 9930 9972 9986 9026 8071 
1157 583 778 886 0 1686 1565 1329 1210 636 814 999 609 500 1084 1006 1818 1516 1764 1078 703 970 691 588 443 788 1735 1592 283 1626 1458 528 1163 503 985 1481 1750 1377 396 1021 768 370 1680 1489 1025 1253 839 97 10381 8062 9184 8881 9003 9332 9836 10544 10554 8706 
990 2207 1163 2550 1686 0 235 1015 845 2191 895 717 1078 1219 689 1289 230 279 93 611 1047 1162 1049 1961 1244 2450 116 153 1826 83 525 1428 553 1401 2502 244 66 704 1403 848 1598 2019 174 387 2468 528 856 1654 8236 9999 8481 9509 9149 8751 8848 8027 10506 9227 
764 2056 971 2444 1565 235 0 781 618 2111 753 568 965 1077 507 1070 465 54 323 532 984 947 894 1901 1123 2344 349 85 1676 260 290 1375 402 1231 2435 105 285 469 1324 648 1396 1914 386 153 2415 334 769 1545 10100 10369 8371 8177 10261 8492 9872 10318 8390 9351 
178 1641 551 2175 1329 1015 781 0 228 1962 709 649 924 874 534 413 1244 737 1103 844 1103 372 715 1847 994 2086 1127 863 1303 1025 493 1426 659 841 2310 795 1064 312 1294 418 805 1695 1149 629 2338 565 911 1359 7994 8831 9489 9369 8432 8647 10537 8448 8820 8467 
147 1590 457 2081 1210 845 618 228 0 1831 507 425 737 725 307 459 1068 568 936 617 897 352 546 1691 831 1988 951 694 1230 842 355 1240 434 757 2177 610 900 194 1121 214 819 1579 961 470 2193 352 695 1226 8598 10315 8104 10439 8247 8509 8570 9215 8453 8466 
1788 736 1412 444 636 2191 2111 1962 1831 0 1389 1565 1154 1107 1668 1639 2282 2067 2258 1588 1145 1606 1294 292 1015 358 2218 2123 771 2121 2049 783 1718 1138 349 2017 2252 1987 790 1632 1366 297 2149 2058 401 1826 1344 606 9980 9797 8264 7992 8890 8021 10069 9846 10187 8809 
542 1312 375 1697 814 895 753 709 507 1389 0 186 242 326 280 646 1061 704 981 332 395 514 159 1215 378 1598 962 787 932 847 660 737 353 522 1727 675 961 620 632 295 795 1171 925 676 1727 441 225 802 9202 8274 9623 8138 8453 9036 8938 8254 8461 8529 
508 1494 481 1881 999 717 568 649 425 1565 186 0 411 510 129 698 893 519 804 220 502 559 332 1378 560 1782 790 604 1114 673 493 879 168 687 1899 491 782 487 793 250 921 1353 760 495 1892 262 282 984 10262 8077 10182 8235 10142 8518 10212 8588 8089 9281 
749 1150 474 1480 609 1078 965 924 737 1154 242 411 0 205 519 774 1215 919 1156 471 231 663 221 973 169 1380 1128 988 776 1018 899 504 567 468 1488 877 1142 861 390 524 807 949 1076 905 1486 673 239 581 8003 9500 10032 8616 10263 9465 9304 8531 10274 8600 
696 988 349 1385 500 1219 1077 874 725 1107 326 510 205 0 586 641 1376 1027 1303 632 424 555 192 974 133 1287 1282 1113 608 1167 959 591 678 265 1453 1000 1284 882 437 526 611 866 1238 993 1470 758 428 504 9183 10002 9985 9096 8824 9860 8094 9718 8561 9637 
408 1552 475 1969 1084 689 507 534 307 1668 280 129 519 586 0 642 887 455 780 312 629 504 397 1492 656 1871 776 558 1174 659 381 1001 157 724 2006 449 753 359 907 175 913 1445 761 408 2004 176 410 1077 9418 8679 9908 8040 9132 8264 8263 8003 8907 10540 
318 1243 301 1806 1006 1289 1070 413 459 1639 646 698 774 641 642 0 1505 1019 1382 917 997 140 558 1569 773 1722 1390 1142 927 1276 814 1231 799 503 1986 1048 1348 643 1075 467 393 1356 1389 926 2030 768 870 1056 9660 9104 8741 8332 8914 8772 8773 9278 100 8321 
1213 2360 1359 2662 1818 230 465 1244 1068 2282 1061 893 1215 1376 887 1505 0 507 151 746 1144 1374 1218 2035 1383 2561 117 382 1982 230 754 1504 739 1579 2577 459 193 933 1503 1054 1799 2134 139 616 2532 739 980 1777 8471 8559 10359 9148 8951 8641 9163 10001 10344 8149 
714 2004 918 2397 1516 279 54 737 568 2067 704 519 919 1027 455 1019 507 0 369 495 945 895 843 1860 1076 2297 390 127 1625 292 251 1337 354 1178 2393 91 332 427 1281 595 1344 1867 418 112 2375 281 728 1498 8789 9863 8138 9214 8219 8567 8320 10131 10132 10561 
1082 2291 1255 2624 1764 93 323 1103 936 2258 981 804 1156 1303 780 1382 151 369 0 687 1114 1254 1135 2022 1323 2523 64 243 1911 139 611 1489 641 1490 2564 336 42 792 1471 940 1690 2093 154 475 2527 621 930 1730 10586 9906 9494 9190 9081 9550 8664 8108 8616 8719 
717 1615 686 1941 1078 611 532 844 617 1588 332 220 471 632 312 917 746 495 687 0 453 778 490 1371 639 1840 658 536 1237 548 574 844 207 852 1907 432 674 630 799 466 1120 1409 608 519 1884 339 246 1044 8433 8832 9910 8712 10596 8361 8539 10080 9423 9856 
935 1279 699 1519 703 1047 984 1103 897 1145 395 502 231 424 629 997 1144 945 1114 453 0 879 439 919 336 1418 1075 987 924 976 985 393 618 688 1457 884 1108 987 360 688 1034 992 1009 958 1432 745 225 646 10300 8587 8413 8526 10194 10342 9261 9309 10556 9146 
228 1272 207 1805 970 1162 947 372 352 1606 514 559 663 555 504 140 1374 895 1254 778 879 0 444 1512 685 1717 1260 1016 932 1145 704 1140 661 473 1954 919 1221 544 991 329 468 1332 1255 808 1989 636 739 1009 10105 8459 61 9664 10458 9701 10170 8374 9506 10308 
538 1163 262 1576 691 1049 894 715 546 1294 159 332 221 192 397 558 1218 843 1135 490 439 444 0 1145 286 1479 1119 934 783 1002 768 713 499 363 1637 822 1114 694 580 340 650 1057 1083 804 1649 570 341 693 10185 8378 10227 10630 8237 10351 8261 8680 8641 9715 
1670 906 1308 735 588 1961 1901 1847 1691 292 1215 1378 973 974 1492 1569 2035 1860 2022 1371 919 1512 1145 0 860 646 1978 1905 813 1887 1870 534 1521 1070 543 1802 2019 1830 586 1483 1355 403 1905 1864 515 1638 1133 519 10596 9698 9157 9814 8329 8036 8563 9156 10278 9406 
816 983 480 1321 443 1244 1123 994 831 1015 378 560 169 133 656 773 1383 1076 1323 639 336 685 286 860 0 1222 1296 1150 611 1185 1036 458 723 368 1356 1038 1308 976 306 624 723 793 1245 1054 1364 819 406 424 9464 9252 9439 10077 9349 8992 8893 9862 8221 9858 
1922 585 1541 102 788 2450 2344 2086 1988 358 1598 1782 1380 1287 1871 1722 2561 2297 2523 1840 1418 1717 1479 646 1222 0 2488 2367 796 2384 2246 1091 1944 1246 435 2256 2513 2160 1059 1806 1391 431 2425 2274 569 2039 1595 800 8627 9101 9707 8908 8209 10302 8232 8913 9648 9040 
1096 2269 1251 2589 1735 116 349 1127 951 2218 962 790 1128 1282 776 1390 117 390 64 658 1075 1260 1119 1978 1296 2488 0 266 1889 118 639 1445 632 1477 2521 343 97 816 1433 941 1689 2059 91 500 2481 625 898 1698 8684 8306 10551 8808 8829 8225 9564 8651 8925 8262 
840 2097 1029 2467 1592 153 85 863 694 2123 787 604 988 1113 558 1142 382 127 243 536 987 1016 934 1905 1150 2367 266 0 1716 177 374 1376 436 1279 2443 113 207 552 1334 709 1459 1936 302 235 2418 390 780 1568 9336 8257 9527 8753 10220 9733 8912 9594 10627 9785 
1147 381 774 879 283 1826 1676 1303 1230 771 932 1114 776 608 1174 927 1982 1625 1911 1237 924 932 783 813 611 796 1889 1716 0 1775 1526 807 1281 474 1100 1604 1892 1414 663 1072 605 475 1844 1579 1172 1349 1015 379 10171 8387 8874 9366 8886 9492 10057 8452 10127 10279 
986 2155 1133 2485 1626 83 260 1025 842 2121 847 673 1018 1167 659 1276 230 292 139 548 976 1145 1002 1887 1185 2384 118 177 1775 0 543 1354 514 1360 2429 233 133 716 1334 825 1571 1954 127 404 2393 509 791 1592 10126 8812 9293 8261 8661 8269 10325 10485 9519 10512 
498 1898 772 2343 1458 525 290 493 355 2049 660 493 899 959 381 814 754 251 611 574 985 704 768 1870 1036 2246 639 374 1526 543 0 1370 373 1059 2386 324 572 183 1285 455 1168 1823 669 139 2384 242 761 1456 8463 8492 9175 9255 8978 9025 8346 9006 8791 10502 
1250 1091 936 1190 528 1428 1375 1426 1240 783 737 879 504 591 1001 1231 1504 1337 1489 844 393 1140 713 534 458 1091 1445 1376 807 1354 1370 0 1007 794 1076 1275 1486 1354 169 1026 1143 692 1372 1349 1043 1131 614 437 9676 8005 9910 10184 8852 8747 10497 8862 10178 9091 
553 1661 622 2044 1163 553 402 659 434 1718 353 168 567 678 157 799 739 354 641 207 618 661 499 1521 723 1944 632 436 1281 514 373 1007 0 849 2048 323 618 424 937 332 1062 1514 609 344 2035 134 394 1145 9301 8127 9294 8869 8432 8089 8924 8240 8811 8455 
678 840 301 1336 503 1401 1231 841 757 1138 522 687 468 265 724 503 1579 1178 1490 852 688 473 363 1070 368 1246 1477 1279 474 1360 1059 794 849 0 1486 1168 1466 941 627 604 356 860 1444 1122 1528 898 677 554 10184 8658 10312 8033 9419 8058 10490 8264 9157 10001 
2136 988 1760 451 985 2502 2435 2310 2177 349 1727 1899 1488 1453 2006 1986 2577 2393 2564 1907 1457 1954 1637 543 1356 435 2521 2443 1100 2429 2386 1076 2048 1486 0 2338 2561 2331 1112 1976 1701 633 2447 2390 146 2160 1666 953 8803 9091 8763 10323 9896 9874 10538 8586 9061 9547 
754 1984 922 2357 1481 244 105 795 610 2017 675 491 877 1000 449 1048 459 91 336 432 884 919 822 1802 1038 2256 343 113 1604 233 324 1275 323 1168 2338 0 305 488 1228 605 1356 1826 355 190 2316 286 673 1457 10537 8552 9854 9427 10193 8066 8194 8897 9873 9569 
1046 2272 1227 2613 1750 66 285 1064 900 2252 961 782 1142 1284 753 1348 193 332 42 674 1108 1221 1114 2019 1308 2513 97 207 1892 133 572 1486 618 1466 2561 305 0 753 1464 910 1661 2082 181 437 2526 590 919 1718 10481 9309 10518 9817 10421 8858 9546 9809 9283 8524 
326 1778 644 2255 1377 704 469 312 194 1987 620 487 861 882 359 643 933 427 792 630 987 544 694 1830 976 2160 816 552 1414 716 183 1354 424 941 2331 488 753 0 1250 357 1011 1745 841 317 2339 301 769 1385 10627 10450 8844 9566 8208 8666 10609 9076 10088 8813 
1117 976 785 1161 396 1403 1324 1294 1121 790 632 793 390 437 907 1075 1503 1281 1471 799 360 991 580 586 306 1059 1433 1334 663 1334 1285 169 937 627 1112 1228 1464 1250 0 909 974 637 1368 1280 1100 1053 555 317 8274 8383 10198 8665 10642 9750 8634 8358 8243 8357 
261 1443 325 1901 1021 848 648 418 214 1632 295 250 524 526 175 467 1054 595 940 466 688 329 340 1483 624 1806 941 709 1072 825 455 1026 332 604 1976 605 910 357 909 0 751 1389 931 525 1988 320 495 1029 9258 9564 10400 8780 9813 9776 8291 9799 8933 9186 
692 872 442 1467 768 1598 1396 805 819 1366 795 921 807 611 913 393 1799 1344 1690 1120 1034 468 650 1355 723 1391 1689 1459 605 1571 1168 1143 1062 356 1701 1356 1661 1011 974 751 0 1071 1671 1264 1766 1071 989 843 7992 9426 10354 10030 8089 8449 9294 10449 9733 9695 
1525 504 1144 532 370 2019 1914 1695 1579 297 1171 1353 949 866 1445 1356 2134 1867 2093 1409 992 1332 1057 403 793 431 2059 1936 475 1954 1823 692 1514 860 633 1826 2082 1745 637 1389 1071 0 1997 1846 698 1611 1164 370 8729 8549 10103 9789 9239 9685 8554 8138 8095 10513 
1104 2223 1231 2526 1680 174 386 1149 961 2149 925 760 1076 1238 761 1389 139 418 154 608 1009 1255 1083 1905 1245 2425 91 302 1844 127 669 1372 609 1444 2447 355 181 841 1368 931 1671 1997 0 530 2405 622 842 1640 10295 10056 10570 9705 9465 10539 10030 8045 10060 8295 
616 1957 850 2373 1489 387 153 629 470 2058 676 495 905 993 408 926 616 112 475 519 958 808 804 1864 1054 2274 500 235 1579 404 139 1349 344 1122 2390 190 437 317 1280 525 1264 1846 530 0 2379 236 735 1477 8979 8099 10598 8679 10473 10643 9468 9925 9917 8519 
2162 1098 1790 594 1025 2468 2415 2338 2193 401 1727 1892 1486 1470 2004 2030 2532 2375 2527 1884 1432 1989 1649 515 1364 569 2481 2418 1172 2393 2384 1043 2035 1528 146 2316 2526 2339 1100 1988 1766 698 2405 2379 0 2152 1647 981 9212 9215 8600 10305 9474 9491 9265 8216 10070 8115 
488 1727 640 2138 1253 528 334 565 352 1826 441 262 673 758 176 768 739 281 621 339 745 636 570 1638 819 2039 625 390 1349 509 242 1131 134 898 2160 286 590 301 1053 320 1071 1611 622 236 2152 0 520 1242 10427 8984 8011 9343 10606 8532 8862 8511 8380 8569 
753 1388 591 1695 839 856 769 911 695 1344 225 282 239 428 410 870 980 728 930 246 225 739 341 1133 406 1595 898 780 1015 791 761 614 394 677 1666 673 919 769 555 495 989 1164 842 735 1647 520 0 801 8417 9884 8199 9918 9576 10266 8476 8106 10440 9319 
1184 661 810 900 97 1654 1545 1359 1226 606 802 984 581 504 1077 1056 1777 1498 1730 1044 646 1009 693 519 424 800 1698 1568 379 1592 1456 437 1145 554 953 1457 1718 1385 317 1029 843 370 1640 1477 981 1242 801 0 10483 10564 8499 10044 8441 8191 9414 8560 8582 8297 
8170 8423 9598 8269 10381 8236 10100 7994 8598 9980 9202 10262 8003 9183 9418 9660 8471 8789 10586 8433 10300 10105 10185 10596 9464 8627 8684 9336 10171 10126 8463 9676 9301 10184 8803 10537 10481 10627 8274 9258 7992 8729 10295 8979 9212 10427 8417 10483 0 126 204 510 606 1086 108 372 606 204 
8482 10411 10152 9373 8062 9999 10369 8831 10315 9797 8274 8077 9500 10002 8679 9104 8559 9863 9906 8832 8587 8459 8378 9698 9252 9101 8306 8257 8387 8812 8492 8005 8127 8658 9091 8552 9309 10450 8383 9564 9426 8549 10056 8099 9215 8984 9884 10564 126 0 204 402 600 216 204 840 954 108 
8412 10390 8609 8293 9184 8481 8371 9489 8104 8264 9623 10182 10032 9985 9908 8741 10359 8138 9494 9910 8413 61 10227 9157 9439 9707 10551 9527 8874 9293 9175 9910 9294 10312 8763 9854 10518 8844 10198 10400 10354 10103 10570 10598 8600 8011 8199 8499 204 204 0 678 204 534 372 408 204 408 
9696 9253 9276 10345 8881 9509 8177 9369 10439 7992 8138 8235 8616 9096 8040 8332 9148 9214 9190 8712 8526 9664 10630 9814 10077 8908 8808 8753 9366 8261 9255 10184 8869 8033 10323 9427 9817 9566 8665 8780 10030 9789 9705 8679 10305 9343 9918 10044 510 402 678 0 510 558 1086 144 336 606 
8052 10596 8433 9980 9003 9149 10261 8432 8247 8890 8453 10142 10263 8824 9132 8914 8951 8219 9081 10596 10194 10458 8237 8329 9349 8209 8829 10220 8886 8661 8978 8852 8432 9419 9896 10193 10421 8208 10642 9813 8089 9239 9465 10473 9474 10606 9576 8441 606 600 204 510 0 960 408 372 606 486 
9501 8623 10092 9930 9332 8751 8492 8647 8509 8021 9036 8518 9465 9860 8264 8772 8641 8567 9550 8361 10342 9701 10351 8036 8992 10302 8225 9733 9492 8269 9025 8747 8089 8058 9874 8066 8858 8666 9750 9776 8449 9685 10539 10643 9491 8532 10266 8191 1086 216 534 558 960 0 432 342 288 1074 
8431 9831 9957 9972 9836 8848 9872 10537 8570 10069 8938 10212 9304 8094 8263 8773 9163 8320 8664 8539 9261 10170 8261 8563 8893 8232 9564 8912 10057 10325 8346 10497 8924 10490 10538 8194 9546 10609 8634 8291 9294 8554 10030 9468 9265 8862 8476 9414 108 204 372 1086 408 432 0 486 108 372 
8467 10346 8097 9986 10544 8027 10318 8448 9215 9846 8254 8588 8531 9718 8003 9278 10001 10131 8108 10080 9309 8374 8680 9156 9862 8913 8651 9594 8452 10485 9006 8862 8240 8264 8586 8897 9809 9076 8358 9799 10449 8138 8045 9925 8216 8511 8106 8560 372 840 408 144 372 342 486 0 1044 408 
8993 9727 9994 9026 10554 10506 8390 8820 8453 10187 8461 8089 10274 8561 8907 100 10344 10132 8616 9423 10556 9506 8641 10278 8221 9648 8925 10627 10127 9519 8791 10178 8811 9157 9061 9873 9283 10088 8243 8933 9733 8095 10060 9917 10070 8380 10440 8582 606 954 204 336 606 288 108 1044 0 1044 
8889 8979 8406 8071 8706 9227 9351 8467 8466 8809 8529 9281 8600 9637 10540 8321 8149 10561 8719 9856 9146 10308 9715 9406 9858 9040 8262 9785 10279 10512 10502 9091 8455 10001 9547 9569 8524 8813 8357 9186 9695 10513 8295 8519 8115 8569 9319 8297 204 108 408 606 486 1074 372 408 1044 0 
