0 1495 381 2012 1157 990 764 178 147 1788 542 508 749 696 408 318 1213 714 1082 717 935 228 538 1670 816 1922 1096 840 1147 986 498 1250 553 678 2136 754 1046 326 1117 261 692 1525 1104 616 2162 488 753 1184 10675 8537 9838 8917 9579 9323 9146 10900 9912 10305 
1495 0 1135 637 583 2207 2056 1641 1590 736 1312 1494 1150 988 1552 1243 2360 2004 2291 1615 1279 1272 1163 906 983 585 2269 2097 381 2155 1898 1091 1661 840 988 1984 2272 1778 976 1443 872 504 2223 1957 1098 1727 1388 661 8590 10570 8484 9023 10177 10289 9291 8234 8625 9351 
381 1135 0 1633 778 1163 971 551 457 1412 375 481 474 349 475 301 1359 918 1255 686 699 207 262 1308 480 1541 1251 1029 774 1133 772 936 622 301 1760 922 1227 644 785 325 442 1144 1231 850 1790 640 591 810 9246 10290 10916 8521 10817 10035 8817 9255 10416 9544 
2012 637 1633 0 886 2550 2444 2175 2081 444 1697 1881 1480 1385 1969 1806 2662 2397 2624 1941 1519 1805 1576 735 1321 102 2589 2467 879 2485 2343 1190 2044 1336 451 2357 2613 2255 1161 1901 1467 532 2526 2373 594 2138 1695 900 9677 9402 10028 9864 8583 10246 8393 8612 9957 8214 
1157 583 778 886 0 1686 1565 1329 1210 636 814 999 609 500 1084 1006 1818 1516 1764 1078 703 970 691 588 443 788 1735 1592 283 1626 1458 528 1163 503 985 1481 1750 1377 396 1021 768 370 1680 1489 1025 1253 839 97 8213 8488 8271 10161 10168 10096 9835 10398 9394 9854 
990 2207 1163 2550 1686 0 235 1015 845 2191 895 717 1078 1219 689 1289 230 279 93 611 1047 1162 1049 1961 1244 2450 116 153 1826 83 525 1428 553 1401 2502 244 66 704 1403 848 1598 2019 174 387 2468 528 856 1654 8554 9714 8326 8538 8343 8404 8212 10918 8250 8803 
764 2056 971 2444 1565 235 0 781 618 2111 753 568 965 1077 507 1070 465 54 323 532 984 947 894 1901 1123 2344 349 85 1676 260 290 1375 402 1231 2435 105 285 469 1324 648 1396 1914 386 153 2415 334 769 1545 8552 10704 10587 9621 10801 10405 10101 8437 8324 8719 
178 1641 551 2175 1329 1015 781 0 228 1962 709 649 924 874 534 413 1244 737 1103 844 1103 372 715 1847 994 2086 1127 863 1303 1025 493 1426 659 841 2310 795 1064 312 1294 418 805 1695 1149 629 2338 565 911 1359 9114 9186 8673 8260 10178 9848 9968 9858 8590 10183 
147 1590 457 2081 1210 845 618 228 0 1831 507 425 737 725 307 459 1068 568 936 617 897 352 546 1691 831 1988 951 694 1230 842 355 1240 434 757 2177 610 900 194 1121 214 819 1579 961 470 2193 352 695 1226 9071 8746 8603 9637 9047 9444 8996 8590 10894 9343 
1788 736 1412 444 636 2191 2111 1962 1831 0 1389 1565 1154 1107 1668 1639 2282 2067 2258 1588 1145 1606 1294 292 1015 358 2218 2123 771 2121 2049 783 1718 1138 349 2017 2252 1987 790 1632 1366 297 2149 2058 401 1826 1344 606 9835 8640 9488 9766 10815 9487 10100 8962 9891 10671 
542 1312 375 1697 814 895 753 709 507 1389 0 186 242 326 280 646 1061 704 981 332 395 514 159 1215 378 1598 962 787 932 847 660 737 353 522 1727 675 961 620 632 295 795 1171 925 676 1727 441 225 802 10747 9108 9462 10746 10681 9073 9256 10344 9876 8920 
508 1494 481 1881 999 717 568 649 425 1565 186 0 411 510 129 698 893 519 804 220 502 559 332 1378 560 1782 790 604 1114 673 493 879 168 687 1899 491 782 487 793 250 921 1353 760 495 1892 262 282 984 10795 8677 9352 8441 8703 9176 8576 8692 9525 9761 
749 1150 474 1480 609 1078 965 924 737 1154 242 411 0 205 519 774 1215 919 1156 471 231 663 221 973 169 1380 1128 988 776 1018 899 504 567 468 1488 877 1142 861 390 524 807 949 1076 905 1486 673 239 581 9660 9451 9822 10000 8545 10702 8326 10760 9239 8626 
696 988 349 1385 500 1219 1077 874 725 1107 326 510 205 0 586 641 1376 1027 1303 632 424 555 192 974 133 1287 1282 1113 608 1167 959 591 678 265 1453 1000 1284 882 437 526 611 866 1238 993 1470 758 428 504 9106 8277 10315 8488 9897 10510 10264 10112 9086 8507 
408 1552 475 1969 1084 689 507 534 307 1668 280 129 519 586 0 642 887 455 780 312 629 504 397 1492 656 1871 776 558 1174 659 381 1001 157 724 2006 449 753 359 907 175 913 1445 761 408 2004 176 410 1077 9699 10853 8943 10799 8605 8749 8812 10884 10540 9500 
318 1243 301 1806 1006 1289 1070 413 459 1639 646 698 774 641 642 0 1505 1019 1382 917 997 140 558 1569 773 1722 1390 1142 927 1276 814 1231 799 503 1986 1048 1348 643 1075 467 393 1356 1389 926 2030 768 870 1056 9338 8423 10819 9100 8584 10443 8769 10571 9549 8808 
1213 2360 1359 2662 1818 230 465 1244 1068 2282 1061 893 1215 1376 887 1505 0 507 151 746 1144 1374 1218 2035 1383 2561 117 382 1982 230 754 1504 739 1579 2577 459 193 933 1503 1054 1799 2134 139 616 2532 739 980 1777 8808 8781 9552 9136 10386 10440 8343 10345 8269 8642 
714 2004 918 2397 1516 279 54 737 568 2067 704 519 919 1027 455 1019 507 0 369 495 945 895 843 1860 1076 2297 390 127 1625 292 251 1337 354 1178 2393 91 332 427 1281 595 1344 1867 418 112 2375 281 728 1498 9185 10680 9997 8361 8375 10628 8511 10265 9905 10124 
1082 2291 1255 2624 1764 93 323 1103 936 2258 981 804 1156 1303 780 1382 151 369 0 687 1114 1254 1135 2022 1323 2523 64 243 1911 139 611 1489 641 1490 2564 336 42 792 1471 940 1690 2093 154 475 2527 621 930 1730 8883 8632 10074 9306 9086 9919 8262 9583 10417 9331 
717 1615 686 1941 1078 611 532 844 617 1588 332 220 471 632 312 917 746 495 687 0 453 778 490 1371 639 1840 658 536 1237 548 574 844 207 852 1907 432 674 630 799 466 1120 1409 608 519 1884 339 246 1044 9986 8303 8936 10395 9249 8463 8202 10576 10663 10564 
935 1279 699 1519 703 1047 984 1103 897 1145 395 502 231 424 629 997 1144 945 1114 453 0 879 439 919 336 1418 1075 987 924 976 985 393 618 688 1457 884 1108 987 360 688 1034 992 1009 958 1432 745 225 646 10919 8995 9098 9453 8220 10162 9081 10706 8466 8781 
228 1272 207 1805 970 1162 947 372 352 1606 514 559 663 555 504 140 1374 895 1254 778 879 0 444 1512 685 1717 1260 1016 932 1145 704 1140 661 473 1954 919 1221 544 991 329 468 1332 1255 808 1989 636 739 1009 9153 8488 8753 9756 9059 9338 8593 8741 9917 9231 
538 1163 262 1576 691 1049 894 715 546 1294 159 332 221 192 397 558 1218 843 1135 490 439 444 0 1145 286 1479 1119 934 783 1002 768 713 499 363 1637 822 1114 694 580 340 650 1057 1083 804 1649 570 341 693 8810 9076 8668 8356 8218 9157 9385 8338 9835 9672 
1670 906 1308 735 588 1961 1901 1847 1691 292 1215 1378 973 974 1492 1569 2035 1860 2022 1371 919 1512 1145 0 860 646 1978 1905 813 1887 1870 534 1521 1070 543 1802 2019 1830 586 1483 1355 403 1905 1864 515 1638 1133 519 8633 10544 8724 8766 10780 10613 10797 9829 9830 10057 
816 983 480 1321 443 1244 1123 994 831 1015 378 560 169 133 656 773 1383 1076 1323 639 336 685 286 860 0 1222 1296 1150 611 1185 1036 458 723 368 1356 1038 1308 976 306 624 723 793 1245 1054 1364 819 406 424 9093 9126 10182 8308 10368 9726 9109 8782 10055 9935 
1922 585 1541 102 788 2450 2344 2086 1988 358 1598 1782 1380 1287 1871 1722 2561 2297 2523 1840 1418 1717 1479 646 1222 0 2488 2367 796 2384 2246 1091 1944 1246 435 2256 2513 2160 1059 1806 1391 431 2425 2274 569 2039 1595 800 8262 9446 9130 10532 8282 10249 10058 9954 10064 8838 
1096 2269 1251 2589 1735 116 349 1127 951 2218 962 790 1128 1282 776 1390 117 390 64 658 1075 1260 1119 1978 1296 2488 0 266 1889 118 639 1445 632 1477 2521 343 97 816 1433 941 1689 2059 91 500 2481 625 898 1698 9149 9252 9344 9925 8478 9054 8903 10831 10180 8836 
840 2097 1029 2467 1592 153 85 863 694 2123 787 604 988 1113 558 1142 382 127 243 536 987 1016 934 1905 1150 2367 266 0 1716 177 374 1376 436 1279 2443 113 207 552 1334 709 1459 1936 302 235 2418 390 780 1568 9935 9942 9979 9021 10611 10661 9111 10483 10759 9182 
1147 381 774 879 283 1826 1676 1303 1230 771 932 1114 776 608 1174 927 1982 1625 1911 1237 924 932 783 813 611 796 1889 1716 0 1775 1526 807 1281 474 1100 1604 1892 1414 663 1072 605 475 1844 1579 1172 1349 1015 379 9272 8638 10292 10918 10197 9546 10201 9957 8991 10155 
986 2155 1133 2485 1626 83 260 1025 842 2121 847 673 1018 1167 659 1276 230 292 139 548 976 1145 1002 1887 1185 2384 118 177 1775 0 543 1354 514 1360 2429 233 133 716 1334 825 1571 1954 127 404 2393 509 791 1592 9943 8705 9692 8633 10474 9447 8319 8608 8713 8807 
498 1898 772 2343 1458 525 290 493 355 2049 660 493 899 959 381 814 754 251 611 574 985 704 768 1870 1036 2246 639 374 1526 543 0 1370 373 1059 2386 324 572 183 1285 455 1168 1823 669 139 2384 242 761 1456 8902 10470 9298 8741 9909 9250 10638 10568 9996 8484 
1250 1091 936 1190 528 1428 1375 1426 1240 783 737 879 504 591 1001 1231 1504 1337 1489 844 393 1140 713 534 458 1091 1445 1376 807 1354 1370 0 1007 794 1076 1275 1486 1354 169 1026 1143 692 1372 1349 1043 1131 614 437 8379 9690 8354 8310 9376 9776 10622 9482 9691 9534 
553 1661 622 2044 1163 553 402 659 434 1718 353 168 567 678 157 799 739 354 641 207 618 661 499 1521 723 1944 632 436 1281 514 373 1007 0 849 2048 323 618 424 937 332 1062 1514 609 344 2035 134 394 1145 8510 9389 9429 10301 10720 9308 10174 10023 8613 9440 
678 840 301 1336 503 1401 1231 841 757 1138 522 687 468 265 724 503 1579 1178 1490 852 688 473 363 1070 368 1246 1477 1279 474 1360 1059 794 849 0 1486 1168 1466 941 627 604 356 860 1444 1122 1528 898 677 554 10632 8893 8818 9058 9479 10432 9986 10258 9452 10162 
2136 988 1760 451 985 2502 2435 2310 2177 349 1727 1899 1488 1453 2006 1986 2577 2393 2564 1907 1457 1954 1637 543 1356 435 2521 2443 1100 2429 2386 1076 2048 1486 0 2338 2561 2331 1112 1976 1701 633 2447 2390 146 2160 1666 953 8364 10037 9437 9419 157 9034 8375 9136 8536 10495 
754 1984 922 2357 1481 244 105 795 610 2017 675 491 877 1000 449 1048 459 91 336 432 884 919 822 1802 1038 2256 343 113 1604 233 324 1275 323 1168 2338 0 305 488 1228 605 1356 1826 355 190 2316 286 673 1457 10725 8706 8491 8500 10708 9156 9505 8701 9205 10727 
1046 2272 1227 2613 1750 66 285 1064 900 2252 961 782 1142 1284 753 1348 193 332 42 674 1108 1221 1114 2019 1308 2513 97 207 1892 133 572 1486 618 1466 2561 305 0 753 1464 910 1661 2082 181 437 2526 590 919 1718 8438 8913 9539 8641 10284 8585 10650 9837 8280 9818 
326 1778 644 2255 1377 704 469 312 194 1987 620 487 861 882 359 643 933 427 792 630 987 544 694 1830 976 2160 816 552 1414 716 183 1354 424 941 2331 488 753 0 1250 357 1011 1745 841 317 2339 301 769 1385 8900 9095 9449 9901 9918 8288 8981 9333 9882 8809 
1117 976 785 1161 396 1403 1324 1294 1121 790 632 793 390 437 907 1075 1503 1281 1471 799 360 991 580 586 306 1059 1433 1334 663 1334 1285 169 937 627 1112 1228 1464 1250 0 909 974 637 1368 1280 1100 1053 555 317 9843 8602 10255 10888 8735 9057 9244 9098 10391 8407 
261 1443 325 1901 1021 848 648 418 214 1632 295 250 524 526 175 467 1054 595 940 466 688 329 340 1483 624 1806 941 709 1072 825 455 1026 332 604 1976 605 910 357 909 0 751 1389 931 525 1988 320 495 1029 9204 10465 9585 9266 8465 8336 10881 10422 9528 9661 
692 872 442 1467 768 1598 1396 805 819 1366 795 921 807 611 913 393 1799 1344 1690 1120 1034 468 650 1355 723 1391 1689 1459 605 1571 1168 1143 1062 356 1701 1356 1661 1011 974 751 0 1071 1671 1264 1766 1071 989 843 10055 9530 8994 10632 8223 8359 10741 10318 8192 8861 
1525 504 1144 532 370 2019 1914 1695 1579 297 1171 1353 949 866 1445 1356 2134 1867 2093 1409 992 1332 1057 403 793 431 2059 1936 475 1954 1823 692 1514 860 633 1826 2082 1745 637 1389 1071 0 1997 1846 698 1611 1164 370 9929 9185 9787 8476 8603 9610 10069 10821 9637 10614 
1104 2223 1231 2526 1680 174 386 1149 961 2149 925 760 1076 1238 761 1389 139 418 154 608 1009 1255 1083 1905 1245 2425 91 302 1844 127 669 1372 609 1444 2447 355 181 841 1368 931 1671 1997 0 530 2405 622 842 1640 9356 8680 10141 9010 8900 8794 8898 9453 9194 10818 
616 1957 850 2373 1489 387 153 629 470 2058 676 495 905 993 408 926 616 112 475 519 958 808 804 1864 1054 2274 500 235 1579 404 139 1349 344 1122 2390 190 437 317 1280 525 1264 1846 530 0 2379 236 735 1477 9415 10256 9182 9671 10863 10857 8780 10753 8834 9886 
2162 1098 1790 594 1025 2468 2415 2338 2193 401 1727 1892 1486 1470 2004 2030 2532 2375 2527 1884 1432 1989 1649 515 1364 569 2481 2418 1172 2393 2384 1043 2035 1528 146 2316 2526 2339 1100 1988 1766 698 2405 2379 0 2152 1647 981 10800 8990 9569 8795 8298 9161 8769 9733 50 9061 
488 1727 640 2138 1253 528 334 565 352 1826 441 262 673 758 176 768 739 281 621 339 745 636 570 1638 819 2039 625 390 1349 509 242 1131 134 898 2160 286 590 301 1053 320 1071 1611 622 236 2152 0 520 1242 8530 9643 10053 9112 10229 10877 9705 8509 10491 9464 
753 1388 591 1695 839 856 769 911 695 1344 225 282 239 428 410 870 980 728 930 246 225 739 341 1133 406 1595 898 780 1015 791 761 614 394 677 1666 673 919 769 555 495 989 1164 842 735 1647 520 0 801 9427 8251 8374 9559 9181 10714 8223 8945 10420 9750 
1184 661 810 900 97 1654 1545 1359 1226 606 802 984 581 504 1077 1056 1777 1498 1730 1044 646 1009 693 519 424 800 1698 1568 379 1592 1456 437 1145 554 953 1457 1718 1385 317 1029 843 370 1640 1477 981 1242 801 0 9006 9391 10188 9735 8303 8594 10544 9523 9160 9066 
10675 8590 9246 9677 8213 8554 8552 9114 9071 9835 10747 10795 9660 9106 9699 9338 8808 9185 8883 9986 10919 9153 8810 8633 9093 8262 9149 9935 9272 9943 8902 8379 8510 10632 8364 10725 8438 8900 9843 9204 10055 9929 9356 9415 10800 8530 9427 9006 0 1584 1755 207 1719 882 207 207 891 1161 
8537 10570 10290 9402 8488 9714 10704 9186 8746 8640 9108 8677 9451 8277 10853 8423 8781 10680 8632 8303 8995 8488 9076 10544 9126 9446 9252 9942 8638 8705 10470 9690 9389 8893 10037 8706 8913 9095 8602 10465 9530 9185 8680 10256 8990 9643 8251 9391 1584 0 45 639 1593 639 639 45 1179 513 
9838 8484 10916 10028 8271 8326 10587 8673 8603 9488 9462 9352 9822 10315 8943 10819 9552 9997 10074 8936 9098 8753 8668 8724 10182 9130 9344 9979 10292 9692 9298 8354 9429 8818 9437 8491 9539 9449 10255 9585 8994 9787 10141 9182 9569 10053 8374 10188 1755 45 0 1764 477 1593 1593 756 1278 675 
8917 9023 8521 9864 10161 8538 9621 8260 9637 9766 10746 8441 10000 8488 10799 9100 9136 8361 9306 10395 9453 9756 8356 8766 8308 10532 9925 9021 10918 8633 8741 8310 10301 9058 9419 8500 8641 9901 10888 9266 10632 8476 9010 9671 8795 9112 9559 9735 207 639 1764 0 1530 837 837 1341 63 918 
9579 10177 10817 8583 10168 8343 10801 10178 9047 10815 10681 8703 8545 9897 8605 8584 10386 8375 9086 9249 8220 9059 8218 10780 10368 8282 8478 10611 10197 10474 9909 9376 10720 9479 157 10708 10284 9918 8735 8465 8223 8603 8900 10863 8298 10229 9181 8303 1719 1593 477 1530 0 477 1530 945 1683 1728 
9323 10289 10035 10246 10096 8404 10405 9848 9444 9487 9073 9176 10702 10510 8749 10443 10440 10628 9919 8463 10162 9338 9157 10613 9726 10249 9054 10661 9546 9447 9250 9776 9308 10432 9034 9156 8585 8288 9057 8336 8359 9610 8794 10857 9161 10877 10714 8594 882 639 1593 837 477 0 837 1683 63 1404 
9146 9291 8817 8393 9835 8212 10101 9968 8996 10100 9256 8576 8326 10264 8812 8769 8343 8511 8262 8202 9081 8593 9385 10797 9109 10058 8903 9111 10201 8319 10638 10622 10174 9986 8375 9505 10650 8981 9244 10881 10741 10069 8898 8780 8769 9705 8223 10544 207 639 1593 837 1530 837 0 1341 63 1188 
10900 8234 9255 8612 10398 10918 8437 9858 8590 8962 10344 8692 10760 10112 10884 10571 10345 10265 9583 10576 10706 8741 8338 9829 8782 9954 10831 10483 9957 8608 10568 9482 10023 10258 9136 8701 9837 9333 9098 10422 10318 10821 9453 10753 9733 8509 8945 9523 207 45 756 1341 945 1683 1341 0 1620 1395 
9912 8625 10416 9957 9394 8250 8324 8590 10894 9891 9876 9525 9239 9086 10540 9549 8269 9905 10417 10663 8466 9917 9835 9830 10055 10064 10180 10759 8991 8713 9996 9691 8613 9452 8536 9205 8280 9882 10391 9528 8192 9637 9194 8834 50 10491 10420 9160 891 1179 1278 63 1683 63 63 1620 0 1188 
10305 9351 9544 8214 9854 8803 8719 10183 9343 10671 8920 9761 8626 8507 9500 8808 8642 10124 9331 10564 8781 9231 9672 10057 9935 8838 8836 9182 10155 8807 8484 9534 9440 10162 10495 10727 9818 8809 8407 9661 8861 10614 10818 9886 9061 9464 9750 9066 1161 513 675 918 1728 1404 1188 1395 1188 0 

0 1495 381 2012 1157 990 764 178 147 1788 542 508 749 696 408 318 1213 714 1082 717 935 228 538 1670 816 1922 1096 840 1147 986 498 1250 553 678 2136 754 1046 326 1117 261 692 1525 1104 616 2162 488 753 1184 10665 8893 8705 8666 9901 8448 9635 8480 9840 9471 
1495 0 1135 637 583 2207 2056 1641 1590 736 1312 1494 1150 988 1552 1243 2360 2004 2291 1615 1279 1272 1163 906 983 585 2269 2097 381 2155 1898 1091 1661 840 988 1984 2272 1778 976 1443 872 504 2223 1957 1098 1727 1388 661 8784 10763 9565 10309 8923 10488 10758 9867 9232 10050 
381 1135 0 1633 778 1163 971 551 457 1412 375 481 474 349 475 301 1359 918 1255 686 699 207 262 1308 480 1541 1251 1029 774 1133 772 936 622 301 1760 922 1227 644 785 325 442 1144 1231 850 1790 640 591 810 8885 8689 9068 10312 9262 9002 10486 9890 10803 10494 
2012 637 1633 0 886 2550 2444 2175 2081 444 1697 1881 1480 1385 1969 1806 2662 2397 2624 1941 1519 1805 1576 735 1321 102 2589 2467 879 2485 2343 1190 2044 1336 451 2357 2613 2255 1161 1901 1467 532 2526 2373 594 2138 1695 900 9834 10052 10699 8827 8664 8397 8887 8711 10343 10876 
1157 583 778 886 0 1686 1565 1329 1210 636 814 999 609 500 1084 1006 1818 1516 1764 1078 703 970 691 588 443 788 1735 1592 283 1626 1458 528 1163 503 985 1481 1750 1377 396 1021 768 370 1680 1489 1025 1253 839 97 10406 10702 9849 8405 10693 10613 10857 10832 10102 9265 
990 2207 1163 2550 1686 0 235 1015 845 2191 895 717 1078 1219 689 1289 230 279 93 611 1047 1162 1049 1961 1244 2450 116 153 1826 83 525 1428 553 1401 2502 244 66 704 1403 848 1598 2019 174 387 2468 528 856 1654 9963 8999 10123 10644 8912 10734 8538 9073 8691 10800 
764 2056 971 2444 1565 235 0 781 618 2111 753 568 965 1077 507 1070 465 54 323 532 984 947 894 1901 1123 2344 349 85 1676 260 290 1375 402 1231 2435 105 285 469 1324 648 1396 1914 386 153 2415 334 769 1545 9146 9271 9829 8444 9659 9671 10883 10782 10783 8742 
178 1641 551 2175 1329 1015 781 0 228 1962 709 649 924 874 534 413 1244 737 1103 844 1103 372 715 1847 994 2086 1127 863 1303 1025 493 1426 659 841 2310 795 1064 312 1294 418 805 1695 1149 629 2338 565 911 1359 8255 9525 10459 10013 8349 8216 9396 8609 10855 8248 
147 1590 457 2081 1210 845 618 228 0 1831 507 425 737 725 307 459 1068 568 936 617 897 352 546 1691 831 1988 951 694 1230 842 355 1240 434 757 2177 610 900 194 1121 214 819 1579 961 470 2193 352 695 1226 9201 9533 10496 9821 9127 8372 10073 10862 8591 10078 
1788 736 1412 444 636 2191 2111 1962 1831 0 1389 1565 1154 1107 1668 1639 2282 2067 2258 1588 1145 1606 1294 292 1015 358 2218 2123 771 2121 2049 783 1718 1138 349 2017 2252 1987 790 1632 1366 297 2149 2058 401 1826 1344 606 10663 9135 9143 9722 9513 9717 10648 10110 8974 10334 
542 1312 375 1697 814 895 753 709 507 1389 0 186 242 326 280 646 1061 704 981 332 395 514 159 1215 378 1598 962 787 932 847 660 737 353 522 1727 675 961 620 632 295 795 1171 925 676 1727 441 225 802 10625 9881 8523 9634 8842 9944 8335 10014 8414 9833 
508 1494 481 1881 999 717 568 649 425 1565 186 0 411 510 129 698 893 519 804 220 502 559 332 1378 560 1782 790 604 1114 673 493 879 168 687 1899 491 782 487 793 250 921 1353 760 495 1892 262 282 984 8833 9280 9833 10790 10846 10858 8882 9315 10357 9490 
749 1150 474 1480 609 1078 965 924 737 1154 242 411 0 205 519 774 1215 919 1156 471 231 663 221 973 169 1380 1128 988 776 1018 899 504 567 468 1488 877 1142 861 390 524 807 949 1076 905 1486 673 239 581 8301 10149 10841 8605 10676 8570 8894 9277 10274 10507 
696 988 349 1385 500 1219 1077 874 725 1107 326 510 205 0 586 641 1376 1027 1303 632 424 555 192 974 133 1287 1282 1113 608 1167 959 591 678 265 1453 1000 1284 882 437 526 611 866 1238 993 1470 758 428 504 9920 9911 9393 8419 9049 8411 10084 8634 10244 10559 
408 1552 475 1969 1084 689 507 534 307 1668 280 129 519 586 0 642 887 455 780 312 629 504 397 1492 656 1871 776 558 1174 659 381 1001 157 724 2006 449 753 359 907 175 913 1445 761 408 2004 176 410 1077 10570 9880 8225 10088 9923 10746 8604 10817 9371 10415 
318 1243 301 1806 1006 1289 1070 413 459 1639 646 698 774 641 642 0 1505 1019 1382 917 997 140 558 1569 773 1722 1390 1142 927 1276 814 1231 799 503 1986 1048 1348 643 1075 467 393 1356 1389 926 2030 768 870 1056 8208 9428 8993 10158 10255 10029 10912 10393 9634 9618 
1213 2360 1359 2662 1818 230 465 1244 1068 2282 1061 893 1215 1376 887 1505 0 507 151 746 1144 1374 1218 2035 1383 2561 117 382 1982 230 754 1504 739 1579 2577 459 193 933 1503 1054 1799 2134 139 616 2532 739 980 1777 9072 9496 10466 8311 10050 8553 10483 10891 10255 9029 
714 2004 918 2397 1516 279 54 737 568 2067 704 519 919 1027 455 1019 507 0 369 495 945 895 843 1860 1076 2297 390 127 1625 292 251 1337 354 1178 2393 91 332 427 1281 595 1344 1867 418 112 2375 281 728 1498 9355 10274 10498 8210 8409 9009 8599 9302 8399 10640 
1082 2291 1255 2624 1764 93 323 1103 936 2258 981 804 1156 1303 780 1382 151 369 0 687 1114 1254 1135 2022 1323 2523 64 243 1911 139 611 1489 641 1490 2564 336 42 792 1471 940 1690 2093 154 475 2527 621 930 1730 10649 10643 10835 10711 8339 8727 9776 9928 10352 8953 
717 1615 686 1941 1078 611 532 844 617 1588 332 220 471 632 312 917 746 495 687 0 453 778 490 1371 639 1840 658 536 1237 548 574 844 207 852 1907 432 674 630 799 466 1120 1409 608 519 1884 339 246 1044 9616 10040 9188 10785 10854 10709 10425 10316 9153 9861 
935 1279 699 1519 703 1047 984 1103 897 1145 395 502 231 424 629 997 1144 945 1114 453 0 879 439 919 336 1418 1075 987 924 976 985 393 618 688 1457 884 1108 987 360 688 1034 992 1009 958 1432 745 225 646 8949 10557 8763 9805 8464 8329 8999 10105 8893 9082 
228 1272 207 1805 970 1162 947 372 352 1606 514 559 663 555 504 140 1374 895 1254 778 879 0 444 1512 685 1717 1260 1016 932 1145 704 1140 661 473 1954 919 1221 544 991 329 468 1332 1255 808 1989 636 739 1009 10497 8571 8317 10508 8241 10066 8858 8916 9012 9830 
538 1163 262 1576 691 1049 894 715 546 1294 159 332 221 192 397 558 1218 843 1135 490 439 444 0 1145 286 1479 1119 934 783 1002 768 713 499 363 1637 822 1114 694 580 340 650 1057 1083 804 1649 570 341 693 9701 10145 10653 10377 8387 9297 8703 10729 10786 10831 
1670 906 1308 735 588 1961 1901 1847 1691 292 1215 1378 973 974 1492 1569 2035 1860 2022 1371 919 1512 1145 0 860 646 1978 1905 813 1887 1870 534 1521 1070 543 1802 2019 1830 586 1483 1355 403 1905 1864 515 1638 1133 519 8193 9064 10919 8935 8234 9977 9236 8882 8746 8606 
816 983 480 1321 443 1244 1123 994 831 1015 378 560 169 133 656 773 1383 1076 1323 639 336 685 286 860 0 1222 1296 1150 611 1185 1036 458 723 368 1356 1038 1308 976 306 624 723 793 1245 1054 1364 819 406 424 10303 8364 9823 10355 10703 8564 9759 10244 9614 10777 
1922 585 1541 102 788 2450 2344 2086 1988 358 1598 1782 1380 1287 1871 1722 2561 2297 2523 1840 1418 1717 1479 646 1222 0 2488 2367 796 2384 2246 1091 1944 1246 435 2256 2513 2160 1059 1806 1391 431 2425 2274 569 2039 1595 800 9171 8897 10647 9773 8936 10317 10502 10243 8246 9088 
1096 2269 1251 2589 1735 116 349 1127 951 2218 962 790 1128 1282 776 1390 117 390 64 658 1075 1260 1119 1978 1296 2488 0 266 1889 118 639 1445 632 1477 2521 343 97 816 1433 941 1689 2059 91 500 2481 625 898 1698 8261 8712 9037 8659 9019 8289 9101 9364 8714 9792 
840 2097 1029 2467 1592 153 85 863 694 2123 787 604 988 1113 558 1142 382 127 243 536 987 1016 934 1905 1150 2367 266 0 1716 177 374 1376 436 1279 2443 113 207 552 1334 709 1459 1936 302 235 2418 390 780 1568 9359 10617 9230 9001 8602 9599 8326 10700 9017 9032 
1147 381 774 879 283 1826 1676 1303 1230 771 932 1114 776 608 1174 927 1982 1625 1911 1237 924 932 783 813 611 796 1889 1716 0 1775 1526 807 1281 474 1100 1604 1892 1414 663 1072 605 475 1844 1579 1172 1349 1015 379 8612 10519 9532 9304 10638 9763 10479 9416 8436 10613 
986 2155 1133 2485 1626 83 260 1025 842 2121 847 673 1018 1167 659 1276 230 292 139 548 976 1145 1002 1887 1185 2384 118 177 1775 0 543 1354 514 1360 2429 233 133 716 1334 825 1571 1954 127 404 2393 509 791 1592 9625 8888 9084 10680 10028 8338 8899 9954 10318 9443 
498 1898 772 2343 1458 525 290 493 355 2049 660 493 899 959 381 814 754 251 611 574 985 704 768 1870 1036 2246 639 374 1526 543 0 1370 373 1059 2386 324 572 183 1285 455 1168 1823 669 139 2384 242 761 1456 10282 9016 10735 10289 8868 8891 9277 8480 9514 9995 
1250 1091 936 1190 528 1428 1375 1426 1240 783 737 879 504 591 1001 1231 1504 1337 1489 844 393 1140 713 534 458 1091 1445 1376 807 1354 1370 0 1007 794 1076 1275 1486 1354 169 1026 1143 692 1372 1349 1043 1131 614 437 10153 10878 9466 10830 8482 8345 8941 10146 8746 10004 
553 1661 622 2044 1163 553 402 659 434 1718 353 168 567 678 157 799 739 354 641 207 618 661 499 1521 723 1944 632 436 1281 514 373 1007 0 849 2048 323 618 424 937 332 1062 1514 609 344 2035 134 394 1145 8794 10076 10736 8219 8473 8375 10769 9455 8403 9283 
678 840 301 1336 503 1401 1231 841 757 1138 522 687 468 265 724 503 1579 1178 1490 852 688 473 363 1070 368 1246 1477 1279 474 1360 1059 794 849 0 1486 1168 1466 941 627 604 356 860 1444 1122 1528 898 677 554 9667 9555 8647 9838 10309 8959 8525 8252 8870 10515 
2136 988 1760 451 985 2502 2435 2310 2177 349 1727 1899 1488 1453 2006 1986 2577 2393 2564 1907 1457 1954 1637 543 1356 435 2521 2443 1100 2429 2386 1076 2048 1486 0 2338 2561 2331 1112 1976 1701 633 2447 2390 146 2160 1666 953 10014 8293 8523 10655 52 10514 8858 9408 9619 10024 
754 1984 922 2357 1481 244 105 795 610 2017 675 491 877 1000 449 1048 459 91 336 432 884 919 822 1802 1038 2256 343 113 1604 233 324 1275 323 1168 2338 0 305 488 1228 605 1356 1826 355 190 2316 286 673 1457 9410 9307 8566 10364 9392 10242 9738 9300 8461 10246 
1046 2272 1227 2613 1750 66 285 1064 900 2252 961 782 1142 1284 753 1348 193 332 42 674 1108 1221 1114 2019 1308 2513 97 207 1892 133 572 1486 618 1466 2561 305 0 753 1464 910 1661 2082 181 437 2526 590 919 1718 9133 9501 10704 10481 9661 9832 8825 10082 9073 9710 
326 1778 644 2255 1377 704 469 312 194 1987 620 487 861 882 359 643 933 427 792 630 987 544 694 1830 976 2160 816 552 1414 716 183 1354 424 941 2331 488 753 0 1250 357 1011 1745 841 317 2339 301 769 1385 8858 10602 8323 10745 10140 9442 10826 8318 9455 10797 
1117 976 785 1161 396 1403 1324 1294 1121 790 632 793 390 437 907 1075 1503 1281 1471 799 360 991 580 586 306 1059 1433 1334 663 1334 1285 169 937 627 1112 1228 1464 1250 0 909 974 637 1368 1280 1100 1053 555 317 10444 9814 8528 8379 8815 9581 10792 10005 8404 8349 
261 1443 325 1901 1021 848 648 418 214 1632 295 250 524 526 175 467 1054 595 940 466 688 329 340 1483 624 1806 941 709 1072 825 455 1026 332 604 1976 605 910 357 909 0 751 1389 931 525 1988 320 495 1029 9905 9238 8941 10359 8614 9397 8461 9906 9455 9185 
692 872 442 1467 768 1598 1396 805 819 1366 795 921 807 611 913 393 1799 1344 1690 1120 1034 468 650 1355 723 1391 1689 1459 605 1571 1168 1143 1062 356 1701 1356 1661 1011 974 751 0 1071 1671 1264 1766 1071 989 843 10741 9769 9965 10348 9924 9315 8288 10090 9522 9830 
1525 504 1144 532 370 2019 1914 1695 1579 297 1171 1353 949 866 1445 1356 2134 1867 2093 1409 992 1332 1057 403 793 431 2059 1936 475 1954 1823 692 1514 860 633 1826 2082 1745 637 1389 1071 0 1997 1846 698 1611 1164 370 10071 9955 8212 10495 8502 9328 10134 9302 10123 10915 
1104 2223 1231 2526 1680 174 386 1149 961 2149 925 760 1076 1238 761 1389 139 418 154 608 1009 1255 1083 1905 1245 2425 91 302 1844 127 669 1372 609 1444 2447 355 181 841 1368 931 1671 1997 0 530 2405 622 842 1640 9111 9223 9887 10058 8311 9866 9114 9064 9324 9812 
616 1957 850 2373 1489 387 153 629 470 2058 676 495 905 993 408 926 616 112 475 519 958 808 804 1864 1054 2274 500 235 1579 404 139 1349 344 1122 2390 190 437 317 1280 525 1264 1846 530 0 2379 236 735 1477 8938 9284 9324 10196 10213 8578 10289 10459 9694 10816 
2162 1098 1790 594 1025 2468 2415 2338 2193 401 1727 1892 1486 1470 2004 2030 2532 2375 2527 1884 1432 1989 1649 515 1364 569 2481 2418 1172 2393 2384 1043 2035 1528 146 2316 2526 2339 1100 1988 1766 698 2405 2379 0 2152 1647 981 8744 9757 8302 8984 9937 9718 10816 9937 18 10024 
488 1727 640 2138 1253 528 334 565 352 1826 441 262 673 758 176 768 739 281 621 339 745 636 570 1638 819 2039 625 390 1349 509 242 1131 134 898 2160 286 590 301 1053 320 1071 1611 622 236 2152 0 520 1242 8228 9366 10868 9237 10153 9382 10654 8402 9073 10136 
753 1388 591 1695 839 856 769 911 695 1344 225 282 239 428 410 870 980 728 930 246 225 739 341 1133 406 1595 898 780 1015 791 761 614 394 677 1666 673 919 769 555 495 989 1164 842 735 1647 520 0 801 9045 8207 8317 8857 10539 10765 10729 8448 9931 8194 
1184 661 810 900 97 1654 1545 1359 1226 606 802 984 581 504 1077 1056 1777 1498 1730 1044 646 1009 693 519 424 800 1698 1568 379 1592 1456 437 1145 554 953 1457 1718 1385 317 1029 843 370 1640 1477 981 1242 801 0 10592 8817 8640 9980 8644 10138 9498 9602 8729 10333 
10665 8784 8885 9834 10406 9963 9146 8255 9201 10663 10625 8833 8301 9920 10570 8208 9072 9355 10649 9616 8949 10497 9701 8193 10303 9171 8261 9359 8612 9625 10282 10153 8794 9667 10014 9410 9133 8858 10444 9905 10741 10071 9111 8938 8744 8228 9045 10592 0 336 70 994 126 1428 994 994 1414 994 
8893 10763 8689 10052 10702 8999 9271 9525 9533 9135 9881 9280 10149 9911 9880 9428 9496 10274 10643 10040 10557 8571 10145 9064 8364 8897 8712 10617 10519 8888 9016 10878 10076 9555 8293 9307 9501 10602 9814 9238 9769 9955 9223 9284 9757 9366 8207 8817 336 0 2730 1750 322 1750 1750 2674 2730 2002 
8705 9565 9068 10699 9849 10123 9829 10459 10496 9143 8523 9833 10841 9393 8225 8993 10466 10498 10835 9188 8763 8317 10653 10919 9823 10647 9037 9230 9532 9084 10735 9466 10736 8647 8523 8566 10704 8323 8528 8941 9965 8212 9887 9324 8302 10868 8317 8640 70 2730 0 56 2058 322 322 1624 812 1750 
8666 10309 10312 8827 8405 10644 8444 10013 9821 9722 9634 10790 8605 8419 10088 10158 8311 8210 10711 10785 9805 10508 10377 8935 10355 9773 8659 9001 9304 10680 10289 10830 8219 9838 10655 10364 10481 10745 8379 10359 10348 10495 10058 10196 8984 9237 8857 9980 994 1750 56 0 182 1806 1806 714 1750 1372 
9901 8923 9262 8664 10693 8912 9659 8349 9127 9513 8842 10846 10676 9049 9923 10255 10050 8409 8339 10854 8464 8241 8387 8234 10703 8936 9019 8602 10638 10028 8868 8482 8473 10309 52 9392 9661 10140 8815 8614 9924 8502 8311 10213 9937 10153 10539 8644 126 322 2058 182 0 2058 182 1330 420 112 
8448 10488 9002 8397 10613 10734 9671 8216 8372 9717 9944 10858 8570 8411 10746 10029 8553 9009 8727 10709 8329 10066 9297 9977 8564 10317 8289 9599 9763 8338 8891 8345 8375 8959 10514 10242 9832 9442 9581 9397 9315 9328 9866 8578 9718 9382 10765 10138 1428 1750 322 1806 2058 0 1806 182 1750 616 
9635 10758 10486 8887 10857 8538 10883 9396 10073 10648 8335 8882 8894 10084 8604 10912 10483 8599 9776 10425 8999 8858 8703 9236 9759 10502 9101 8326 10479 8899 9277 8941 10769 8525 8858 9738 8825 10826 10792 8461 8288 10134 9114 10289 10816 10654 10729 9498 994 1750 322 1806 182 1806 0 714 1750 952 
8480 9867 9890 8711 10832 9073 10782 8609 10862 10110 10014 9315 9277 8634 10817 10393 10891 9302 9928 10316 10105 8916 10729 8882 10244 10243 9364 10700 9416 9954 8480 10146 9455 8252 9408 9300 10082 8318 10005 9906 10090 9302 9064 10459 9937 8402 8448 9602 994 2674 1624 714 1330 182 714 0 280 630 
9840 9232 10803 10343 10102 8691 10783 10855 8591 8974 8414 10357 10274 10244 9371 9634 10255 8399 10352 9153 8893 9012 10786 8746 9614 8246 8714 9017 8436 10318 9514 8746 8403 8870 9619 8461 9073 9455 8404 9455 9522 10123 9324 9694 18 9073 9931 8729 1414 2730 812 1750 420 1750 1750 280 0 952 
9471 10050 10494 10876 9265 10800 8742 8248 10078 10334 9833 9490 10507 10559 10415 9618 9029 10640 8953 9861 9082 9830 10831 8606 10777 9088 9792 9032 10613 9443 9995 10004 9283 10515 10024 10246 9710 10797 8349 9185 9830 10915 9812 10816 10024 10136 8194 10333 994 2002 1750 1372 112 616 952 630 952 0 
