0 1495 381 2012 1157 990 764 178 147 1788 542 508 749 696 408 318 1213 714 1082 717 935 228 538 1670 816 1922 1096 840 1147 986 498 1250 553 678 2136 754 1046 326 1117 261 692 1525 1104 616 2162 488 753 1184 9015 8535 9630 8361 9775 8638 9118 10380 9438 8243 
1495 0 1135 637 583 2207 2056 1641 1590 736 1312 1494 1150 988 1552 1243 2360 2004 2291 1615 1279 1272 1163 906 983 585 2269 2097 381 2155 1898 1091 1661 840 988 1984 2272 1778 976 1443 872 504 2223 1957 1098 1727 1388 661 9426 8249 9702 9143 8495 10613 8840 8022 10383 8708 
381 1135 0 1633 778 1163 971 551 457 1412 375 481 474 349 475 301 1359 918 1255 686 699 207 262 1308 480 1541 1251 1029 774 1133 772 936 622 301 1760 922 1227 644 785 325 442 1144 1231 850 1790 640 591 810 10603 9640 9669 8604 9298 9409 9273 10023 8436 8718 
2012 637 1633 0 886 2550 2444 2175 2081 444 1697 1881 1480 1385 1969 1806 2662 2397 2624 1941 1519 1805 1576 735 1321 102 2589 2467 879 2485 2343 1190 2044 1336 451 2357 2613 2255 1161 1901 1467 532 2526 2373 594 2138 1695 900 10492 9098 8820 9467 8201 8876 8795 10113 8249 8909 
1157 583 778 886 0 1686 1565 1329 1210 636 814 999 609 500 1084 1006 1818 1516 1764 1078 703 970 691 588 443 788 1735 1592 283 1626 1458 528 1163 503 985 1481 1750 1377 396 1021 768 370 1680 1489 1025 1253 839 97 8622 9493 8713 9352 10393 9296 9299 10179 8532 8082 
990 2207 1163 2550 1686 0 235 1015 845 2191 895 717 1078 1219 689 1289 230 279 93 611 1047 1162 1049 1961 1244 2450 116 153 1826 83 525 1428 553 1401 2502 244 66 704 1403 848 1598 2019 174 387 2468 528 856 1654 9558 9604 8621 10420 8454 10356 9833 27 9255 9887 
764 2056 971 2444 1565 235 0 781 618 2111 753 568 965 1077 507 1070 465 54 323 532 984 947 894 1901 1123 2344 349 85 1676 260 290 1375 402 1231 2435 105 285 469 1324 648 1396 1914 386 153 2415 334 769 1545 10156 9806 9828 8793 9633 8044 8037 9987 10037 8837 
178 1641 551 2175 1329 1015 781 0 228 1962 709 649 924 874 534 413 1244 737 1103 844 1103 372 715 1847 994 2086 1127 863 1303 1025 493 1426 659 841 2310 795 1064 312 1294 418 805 1695 1149 629 2338 565 911 1359 8433 10279 10547 9286 9814 10352 9869 9711 9252 10518 
147 1590 457 2081 1210 845 618 228 0 1831 507 425 737 725 307 459 1068 568 936 617 897 352 546 1691 831 1988 951 694 1230 842 355 1240 434 757 2177 610 900 194 1121 214 819 1579 961 470 2193 352 695 1226 10268 8805 8110 8881 10370 8681 10137 10611 9382 8217 
1788 736 1412 444 636 2191 2111 1962 1831 0 1389 1565 1154 1107 1668 1639 2282 2067 2258 1588 1145 1606 1294 292 1015 358 2218 2123 771 2121 2049 783 1718 1138 349 2017 2252 1987 790 1632 1366 297 2149 2058 401 1826 1344 606 10431 10328 8896 10507 10589 10395 10168 10173 10338 10601 
542 1312 375 1697 814 895 753 709 507 1389 0 186 242 326 280 646 1061 704 981 332 395 514 159 1215 378 1598 962 787 932 847 660 737 353 522 1727 675 961 620 632 295 795 1171 925 676 1727 441 225 802 9711 10512 10412 9161 9663 8014 9369 8455 8004 9547 
508 1494 481 1881 999 717 568 649 425 1565 186 0 411 510 129 698 893 519 804 220 502 559 332 1378 560 1782 790 604 1114 673 493 879 168 687 1899 491 782 487 793 250 921 1353 760 495 1892 262 282 984 8602 9403 10029 8020 10209 10085 10466 8533 9931 10249 
749 1150 474 1480 609 1078 965 924 737 1154 242 411 0 205 519 774 1215 919 1156 471 231 663 221 973 169 1380 1128 988 776 1018 899 504 567 468 1488 877 1142 861 390 524 807 949 1076 905 1486 673 239 581 10288 8575 8373 9321 10198 8081 10002 9318 9757 9022 
696 988 349 1385 500 1219 1077 874 725 1107 326 510 205 0 586 641 1376 1027 1303 632 424 555 192 974 133 1287 1282 1113 608 1167 959 591 678 265 1453 1000 1284 882 437 526 611 866 1238 993 1470 758 428 504 8128 8169 10515 9495 8284 10371 9492 8799 9567 10295 
408 1552 475 1969 1084 689 507 534 307 1668 280 129 519 586 0 642 887 455 780 312 629 504 397 1492 656 1871 776 558 1174 659 381 1001 157 724 2006 449 753 359 907 175 913 1445 761 408 2004 176 410 1077 8372 10323 8379 8806 8822 10196 10593 9528 10309 8721 
318 1243 301 1806 1006 1289 1070 413 459 1639 646 698 774 641 642 0 1505 1019 1382 917 997 140 558 1569 773 1722 1390 1142 927 1276 814 1231 799 503 1986 1048 1348 643 1075 467 393 1356 1389 926 2030 768 870 1056 8165 10223 9330 9725 9786 9154 8575 9490 8195 10556 
1213 2360 1359 2662 1818 230 465 1244 1068 2282 1061 893 1215 1376 887 1505 0 507 151 746 1144 1374 1218 2035 1383 2561 117 382 1982 230 754 1504 739 1579 2577 459 193 933 1503 1054 1799 2134 139 616 2532 739 980 1777 9934 9614 10065 8767 8861 9393 10398 9283 10549 8444 
714 2004 918 2397 1516 279 54 737 568 2067 704 519 919 1027 455 1019 507 0 369 495 945 895 843 1860 1076 2297 390 127 1625 292 251 1337 354 1178 2393 91 332 427 1281 595 1344 1867 418 112 2375 281 728 1498 10135 8513 9323 8432 8783 10574 9907 10114 8919 9468 
1082 2291 1255 2624 1764 93 323 1103 936 2258 981 804 1156 1303 780 1382 151 369 0 687 1114 1254 1135 2022 1323 2523 64 243 1911 139 611 1489 641 1490 2564 336 42 792 1471 940 1690 2093 154 475 2527 621 930 1730 8955 9677 10306 10361 9895 8171 8821 8310 9033 8872 
717 1615 686 1941 1078 611 532 844 617 1588 332 220 471 632 312 917 746 495 687 0 453 778 490 1371 639 1840 658 536 1237 548 574 844 207 852 1907 432 674 630 799 466 1120 1409 608 519 1884 339 246 1044 10036 8754 9758 10403 10026 9747 9136 10544 8716 10045 
935 1279 699 1519 703 1047 984 1103 897 1145 395 502 231 424 629 997 1144 945 1114 453 0 879 439 919 336 1418 1075 987 924 976 985 393 618 688 1457 884 1108 987 360 688 1034 992 1009 958 1432 745 225 646 9309 10576 9813 9015 9465 8667 8190 10213 10041 8447 
228 1272 207 1805 970 1162 947 372 352 1606 514 559 663 555 504 140 1374 895 1254 778 879 0 444 1512 685 1717 1260 1016 932 1145 704 1140 661 473 1954 919 1221 544 991 329 468 1332 1255 808 1989 636 739 1009 10331 8045 8783 9866 8962 8882 9488 10465 10399 10507 
538 1163 262 1576 691 1049 894 715 546 1294 159 332 221 192 397 558 1218 843 1135 490 439 444 0 1145 286 1479 1119 934 783 1002 768 713 499 363 1637 822 1114 694 580 340 650 1057 1083 804 1649 570 341 693 9909 8515 10352 10489 8826 8217 8913 8252 8738 10207 
1670 906 1308 735 588 1961 1901 1847 1691 292 1215 1378 973 974 1492 1569 2035 1860 2022 1371 919 1512 1145 0 860 646 1978 1905 813 1887 1870 534 1521 1070 543 1802 2019 1830 586 1483 1355 403 1905 1864 515 1638 1133 519 10025 9879 8238 10172 10294 8242 10035 10318 10517 10225 
816 983 480 1321 443 1244 1123 994 831 1015 378 560 169 133 656 773 1383 1076 1323 639 336 685 286 860 0 1222 1296 1150 611 1185 1036 458 723 368 1356 1038 1308 976 306 624 723 793 1245 1054 1364 819 406 424 9029 10046 8704 9627 9731 9981 8414 9092 8559 9923 
1922 585 1541 102 788 2450 2344 2086 1988 358 1598 1782 1380 1287 1871 1722 2561 2297 2523 1840 1418 1717 1479 646 1222 0 2488 2367 796 2384 2246 1091 1944 1246 435 2256 2513 2160 1059 1806 1391 431 2425 2274 569 2039 1595 800 8393 8237 8442 8377 10003 10216 8848 8294 10592 9456 
1096 2269 1251 2589 1735 116 349 1127 951 2218 962 790 1128 1282 776 1390 117 390 64 658 1075 1260 1119 1978 1296 2488 0 266 1889 118 639 1445 632 1477 2521 343 97 816 1433 941 1689 2059 91 500 2481 625 898 1698 8855 8465 8614 8635 8122 10367 8345 9442 9481 8991 
840 2097 1029 2467 1592 153 85 863 694 2123 787 604 988 1113 558 1142 382 127 243 536 987 1016 934 1905 1150 2367 266 0 1716 177 374 1376 436 1279 2443 113 207 552 1334 709 1459 1936 302 235 2418 390 780 1568 10261 10087 9627 110 10233 10442 9034 9606 10569 8892 
1147 381 774 879 283 1826 1676 1303 1230 771 932 1114 776 608 1174 927 1982 1625 1911 1237 924 932 783 813 611 796 1889 1716 0 1775 1526 807 1281 474 1100 1604 1892 1414 663 1072 605 475 1844 1579 1172 1349 1015 379 10533 10435 10482 9367 9208 9314 9774 9695 8678 8818 
986 2155 1133 2485 1626 83 260 1025 842 2121 847 673 1018 1167 659 1276 230 292 139 548 976 1145 1002 1887 1185 2384 118 177 1775 0 543 1354 514 1360 2429 233 133 716 1334 825 1571 1954 127 404 2393 509 791 1592 8863 10400 9795 10513 10158 8433 10045 8090 8573 9200 
498 1898 772 2343 1458 525 290 493 355 2049 660 493 899 959 381 814 754 251 611 574 985 704 768 1870 1036 2246 639 374 1526 543 0 1370 373 1059 2386 324 572 183 1285 455 1168 1823 669 139 2384 242 761 1456 8768 10291 8344 9092 8000 8020 10378 8611 9524 10327 
1250 1091 936 1190 528 1428 1375 1426 1240 783 737 879 504 591 1001 1231 1504 1337 1489 844 393 1140 713 534 458 1091 1445 1376 807 1354 1370 0 1007 794 1076 1275 1486 1354 169 1026 1143 692 1372 1349 1043 1131 614 437 9442 9572 9267 8473 10426 10501 10221 10618 9384 8395 
553 1661 622 2044 1163 553 402 659 434 1718 353 168 567 678 157 799 739 354 641 207 618 661 499 1521 723 1944 632 436 1281 514 373 1007 0 849 2048 323 618 424 937 332 1062 1514 609 344 2035 134 394 1145 8645 9897 9633 9548 8397 9875 9583 9981 8011 8370 
678 840 301 1336 503 1401 1231 841 757 1138 522 687 468 265 724 503 1579 1178 1490 852 688 473 363 1070 368 1246 1477 1279 474 1360 1059 794 849 0 1486 1168 1466 941 627 604 356 860 1444 1122 1528 898 677 554 8871 9613 10344 9465 9449 8427 8317 8153 9932 8503 
2136 988 1760 451 985 2502 2435 2310 2177 349 1727 1899 1488 1453 2006 1986 2577 2393 2564 1907 1457 1954 1637 543 1356 435 2521 2443 1100 2429 2386 1076 2048 1486 0 2338 2561 2331 1112 1976 1701 633 2447 2390 146 2160 1666 953 9919 8747 10108 9593 9106 9036 8735 10338 9928 9600 
754 1984 922 2357 1481 244 105 795 610 2017 675 491 877 1000 449 1048 459 91 336 432 884 919 822 1802 1038 2256 343 113 1604 233 324 1275 323 1168 2338 0 305 488 1228 605 1356 1826 355 190 2316 286 673 1457 10512 9091 9236 9697 9064 9521 8310 10243 10023 8433 
1046 2272 1227 2613 1750 66 285 1064 900 2252 961 782 1142 1284 753 1348 193 332 42 674 1108 1221 1114 2019 1308 2513 97 207 1892 133 572 1486 618 1466 2561 305 0 753 1464 910 1661 2082 181 437 2526 590 919 1718 10544 8124 10122 9509 9333 10385 9197 8252 8825 9143 
326 1778 644 2255 1377 704 469 312 194 1987 620 487 861 882 359 643 933 427 792 630 987 544 694 1830 976 2160 816 552 1414 716 183 1354 424 941 2331 488 753 0 1250 357 1011 1745 841 317 2339 301 769 1385 9038 9099 8738 9642 8661 8844 10600 9036 9456 10079 
1117 976 785 1161 396 1403 1324 1294 1121 790 632 793 390 437 907 1075 1503 1281 1471 799 360 991 580 586 306 1059 1433 1334 663 1334 1285 169 937 627 1112 1228 1464 1250 0 909 974 637 1368 1280 1100 1053 555 317 9836 8352 8084 10126 8371 8324 9175 10495 8720 10327 
261 1443 325 1901 1021 848 648 418 214 1632 295 250 524 526 175 467 1054 595 940 466 688 329 340 1483 624 1806 941 709 1072 825 455 1026 332 604 1976 605 910 357 909 0 751 1389 931 525 1988 320 495 1029 9216 8823 8906 9885 8438 8886 9645 10444 9349 9955 
692 872 442 1467 768 1598 1396 805 819 1366 795 921 807 611 913 393 1799 1344 1690 1120 1034 468 650 1355 723 1391 1689 1459 605 1571 1168 1143 1062 356 1701 1356 1661 1011 974 751 0 1071 1671 1264 1766 1071 989 843 9458 8050 8992 9596 8953 8452 8626 9129 9445 8787 
1525 504 1144 532 370 2019 1914 1695 1579 297 1171 1353 949 866 1445 1356 2134 1867 2093 1409 992 1332 1057 403 793 431 2059 1936 475 1954 1823 692 1514 860 633 1826 2082 1745 637 1389 1071 0 1997 1846 698 1611 1164 370 8818 9253 9870 9016 9534 8806 8901 10027 8958 9294 
1104 2223 1231 2526 1680 174 386 1149 961 2149 925 760 1076 1238 761 1389 139 418 154 608 1009 1255 1083 1905 1245 2425 91 302 1844 127 669 1372 609 1444 2447 355 181 841 1368 931 1671 1997 0 530 2405 622 842 1640 10423 9668 8791 9754 8535 9812 9973 8097 9829 9215 
616 1957 850 2373 1489 387 153 629 470 2058 676 495 905 993 408 926 616 112 475 519 958 808 804 1864 1054 2274 500 235 1579 404 139 1349 344 1122 2390 190 437 317 1280 525 1264 1846 530 0 2379 236 735 1477 9799 10499 10468 8798 9820 9974 10310 8599 9020 9353 
2162 1098 1790 594 1025 2468 2415 2338 2193 401 1727 1892 1486 1470 2004 2030 2532 2375 2527 1884 1432 1989 1649 515 1364 569 2481 2418 1172 2393 2384 1043 2035 1528 146 2316 2526 2339 1100 1988 1766 698 2405 2379 0 2152 1647 981 10404 8371 8245 8828 8993 9724 9328 9125 9321 10465 
488 1727 640 2138 1253 528 334 565 352 1826 441 262 673 758 176 768 739 281 621 339 745 636 570 1638 819 2039 625 390 1349 509 242 1131 134 898 2160 286 590 301 1053 320 1071 1611 622 236 2152 0 520 1242 9714 8917 8435 8571 8741 9977 8163 8627 10466 9122 
753 1388 591 1695 839 856 769 911 695 1344 225 282 239 428 410 870 980 728 930 246 225 739 341 1133 406 1595 898 780 1015 791 761 614 394 677 1666 673 919 769 555 495 989 1164 842 735 1647 520 0 801 10308 9308 9270 9558 10484 10550 9996 8466 10480 10268 
1184 661 810 900 97 1654 1545 1359 1226 606 802 984 581 504 1077 1056 1777 1498 1730 1044 646 1009 693 519 424 800 1698 1568 379 1592 1456 437 1145 554 953 1457 1718 1385 317 1029 843 370 1640 1477 981 1242 801 0 8340 9913 9757 9312 10643 10202 9336 8136 9964 9670 
9015 9426 10603 10492 8622 9558 10156 8433 10268 10431 9711 8602 10288 8128 8372 8165 9934 10135 8955 10036 9309 10331 9909 10025 9029 8393 8855 10261 10533 8863 8768 9442 8645 8871 9919 10512 10544 9038 9836 9216 9458 8818 10423 9799 10404 9714 10308 8340 0 858 636 174 348 1002 702 348 24 636 
8535 8249 9640 9098 9493 9604 9806 10279 8805 10328 10512 9403 8575 8169 10323 10223 9614 8513 9677 8754 10576 8045 8515 9879 10046 8237 8465 10087 10435 10400 10291 9572 9897 9613 8747 9091 8124 9099 8352 8823 8050 9253 9668 10499 8371 8917 9308 9913 858 0 1176 834 366 726 534 648 666 516 
9630 9702 9669 8820 8713 8621 9828 10547 8110 8896 10412 10029 8373 10515 8379 9330 10065 9323 10306 9758 9813 8783 10352 8238 8704 8442 8614 9627 10482 9795 8344 9267 9633 10344 10108 9236 10122 8738 8084 8906 8992 9870 8791 10468 8245 8435 9270 9757 636 1176 0 174 174 1008 636 366 714 366 
8361 9143 8604 9467 9352 10420 8793 9286 8881 10507 9161 8020 9321 9495 8806 9725 8767 8432 10361 10403 9015 9866 10489 10172 9627 8377 8635 110 9367 10513 9092 8473 9548 9465 9593 9697 9509 9642 10126 9885 9596 9016 9754 8798 8828 8571 9558 9312 174 834 174 0 96 1200 912 96 96 174 
9775 8495 9298 8201 10393 8454 9633 9814 10370 10589 9663 10209 10198 8284 8822 9786 8861 8783 9895 10026 9465 8962 8826 10294 9731 10003 8122 10233 9208 10158 8000 10426 8397 9449 9106 9064 9333 8661 8371 8438 8953 9534 8535 9820 8993 8741 10484 10643 348 366 174 96 0 1008 762 174 534 174 
8638 10613 9409 8876 9296 10356 8044 10352 8681 10395 8014 10085 8081 10371 10196 9154 9393 10574 8171 9747 8667 8882 8217 8242 9981 10216 10367 10442 9314 8433 8020 10501 9875 8427 9036 9521 10385 8844 8324 8886 8452 8806 9812 9974 9724 9977 10550 10202 1002 726 1008 1200 1008 0 702 714 498 264 
9118 8840 9273 8795 9299 9833 8037 9869 10137 10168 9369 10466 10002 9492 10593 8575 10398 9907 8821 9136 8190 9488 8913 10035 8414 8848 8345 9034 9774 10045 10378 10221 9583 8317 8735 8310 9197 10600 9175 9645 8626 8901 9973 10310 9328 8163 9996 9336 702 534 636 912 762 702 0 636 336 312 
10380 8022 10023 10113 10179 27 9987 9711 10611 10173 8455 8533 9318 8799 9528 9490 9283 10114 8310 10544 10213 10465 8252 10318 9092 8294 9442 9606 9695 8090 8611 10618 9981 8153 10338 10243 8252 9036 10495 10444 9129 10027 8097 8599 9125 8627 8466 8136 348 648 366 96 174 714 636 0 534 366 
9438 10383 8436 8249 8532 9255 10037 9252 9382 10338 8004 9931 9757 9567 10309 8195 10549 8919 9033 8716 10041 10399 8738 10517 8559 10592 9481 10569 8678 8573 9524 9384 8011 9932 9928 10023 8825 9456 8720 9349 9445 8958 9829 9020 9321 10466 10480 9964 24 666 714 96 534 498 336 534 0 714 
8243 8708 8718 8909 8082 9887 8837 10518 8217 10601 9547 10249 9022 10295 8721 10556 8444 9468 8872 10045 8447 10507 10207 10225 9923 9456 8991 8892 8818 9200 10327 8395 8370 8503 9600 8433 9143 10079 10327 9955 8787 9294 9215 9353 10465 9122 10268 9670 636 516 366 174 174 264 312 366 714 0 

0 1495 381 2012 1157 990 764 178 147 1788 542 508 749 696 408 318 1213 714 1082 717 935 228 538 1670 816 1922 1096 840 1147 986 498 1250 553 678 2136 754 1046 326 1117 261 692 1525 1104 616 2162 488 753 1184 8149 10233 9939 10611 10362 9627 9015 10235 10114 8902 
1495 0 1135 637 583 2207 2056 1641 1590 736 1312 1494 1150 988 1552 1243 2360 2004 2291 1615 1279 1272 1163 906 983 585 2269 2097 381 2155 1898 1091 1661 840 988 1984 2272 1778 976 1443 872 504 2223 1957 1098 1727 1388 661 9170 9617 9532 9792 10399 10499 8195 9891 9666 8495 
381 1135 0 1633 778 1163 971 551 457 1412 375 481 474 349 475 301 1359 918 1255 686 699 207 262 1308 480 1541 1251 1029 774 1133 772 936 622 301 1760 922 1227 644 785 325 442 1144 1231 850 1790 640 591 810 9079 10450 8396 10485 9279 10377 8182 9273 8769 8765 
2012 637 1633 0 886 2550 2444 2175 2081 444 1697 1881 1480 1385 1969 1806 2662 2397 2624 1941 1519 1805 1576 735 1321 102 2589 2467 879 2485 2343 1190 2044 1336 451 2357 2613 2255 1161 1901 1467 532 2526 2373 594 2138 1695 900 9075 9227 10280 9459 8927 10225 8875 9585 9971 8707 
1157 583 778 886 0 1686 1565 1329 1210 636 814 999 609 500 1084 1006 1818 1516 1764 1078 703 970 691 588 443 788 1735 1592 283 1626 1458 528 1163 503 985 1481 1750 1377 396 1021 768 370 1680 1489 1025 1253 839 97 10240 8608 10359 10134 9850 9082 9496 9353 9286 8070 
990 2207 1163 2550 1686 0 235 1015 845 2191 895 717 1078 1219 689 1289 230 279 93 611 1047 1162 1049 1961 1244 2450 116 153 1826 83 525 1428 553 1401 2502 244 66 704 1403 848 1598 2019 174 387 2468 528 856 1654 8540 8258 10215 8292 10456 10605 9933 109 9556 8284 
764 2056 971 2444 1565 235 0 781 618 2111 753 568 965 1077 507 1070 465 54 323 532 984 947 894 1901 1123 2344 349 85 1676 260 290 1375 402 1231 2435 105 285 469 1324 648 1396 1914 386 153 2415 334 769 1545 9271 10365 8013 9444 9411 9415 10176 9240 9528 8957 
178 1641 551 2175 1329 1015 781 0 228 1962 709 649 924 874 534 413 1244 737 1103 844 1103 372 715 1847 994 2086 1127 863 1303 1025 493 1426 659 841 2310 795 1064 312 1294 418 805 1695 1149 629 2338 565 911 1359 8961 8106 8034 9004 9471 9503 9335 8505 8251 8965 
147 1590 457 2081 1210 845 618 228 0 1831 507 425 737 725 307 459 1068 568 936 617 897 352 546 1691 831 1988 951 694 1230 842 355 1240 434 757 2177 610 900 194 1121 214 819 1579 961 470 2193 352 695 1226 10593 10217 10299 8789 9370 10491 8256 8296 8262 9471 
1788 736 1412 444 636 2191 2111 1962 1831 0 1389 1565 1154 1107 1668 1639 2282 2067 2258 1588 1145 1606 1294 292 1015 358 2218 2123 771 2121 2049 783 1718 1138 349 2017 2252 1987 790 1632 1366 297 2149 2058 401 1826 1344 606 8150 9295 10178 9716 9333 9437 10308 10065 8072 10325 
542 1312 375 1697 814 895 753 709 507 1389 0 186 242 326 280 646 1061 704 981 332 395 514 159 1215 378 1598 962 787 932 847 660 737 353 522 1727 675 961 620 632 295 795 1171 925 676 1727 441 225 802 9868 9137 10604 8652 9580 9415 10441 9576 10140 8741 
508 1494 481 1881 999 717 568 649 425 1565 186 0 411 510 129 698 893 519 804 220 502 559 332 1378 560 1782 790 604 1114 673 493 879 168 687 1899 491 782 487 793 250 921 1353 760 495 1892 262 282 984 8245 8354 8111 10182 8452 8805 10331 9423 10118 9240 
749 1150 474 1480 609 1078 965 924 737 1154 242 411 0 205 519 774 1215 919 1156 471 231 663 221 973 169 1380 1128 988 776 1018 899 504 567 468 1488 877 1142 861 390 524 807 949 1076 905 1486 673 239 581 9675 8360 10047 8868 9931 10109 9832 8506 8423 8395 
696 988 349 1385 500 1219 1077 874 725 1107 326 510 205 0 586 641 1376 1027 1303 632 424 555 192 974 133 1287 1282 1113 608 1167 959 591 678 265 1453 1000 1284 882 437 526 611 866 1238 993 1470 758 428 504 9830 9507 8277 8339 10125 8759 8040 10407 9535 10208 
408 1552 475 1969 1084 689 507 534 307 1668 280 129 519 586 0 642 887 455 780 312 629 504 397 1492 656 1871 776 558 1174 659 381 1001 157 724 2006 449 753 359 907 175 913 1445 761 408 2004 176 410 1077 8129 9105 8588 10019 8042 10627 9598 8944 10180 9251 
318 1243 301 1806 1006 1289 1070 413 459 1639 646 698 774 641 642 0 1505 1019 1382 917 997 140 558 1569 773 1722 1390 1142 927 1276 814 1231 799 503 1986 1048 1348 643 1075 467 393 1356 1389 926 2030 768 870 1056 8018 8246 10210 9638 10194 8132 10334 8501 8493 8996 
1213 2360 1359 2662 1818 230 465 1244 1068 2282 1061 893 1215 1376 887 1505 0 507 151 746 1144 1374 1218 2035 1383 2561 117 382 1982 230 754 1504 739 1579 2577 459 193 933 1503 1054 1799 2134 139 616 2532 739 980 1777 8313 8619 8807 10346 8337 8555 9112 8202 9263 8145 
714 2004 918 2397 1516 279 54 737 568 2067 704 519 919 1027 455 1019 507 0 369 495 945 895 843 1860 1076 2297 390 127 1625 292 251 1337 354 1178 2393 91 332 427 1281 595 1344 1867 418 112 2375 281 728 1498 8018 9880 10181 10236 9539 10274 9775 10128 8045 8620 
1082 2291 1255 2624 1764 93 323 1103 936 2258 981 804 1156 1303 780 1382 151 369 0 687 1114 1254 1135 2022 1323 2523 64 243 1911 139 611 1489 641 1490 2564 336 42 792 1471 940 1690 2093 154 475 2527 621 930 1730 9112 10241 10511 8299 9700 10053 8936 8671 10586 9470 
717 1615 686 1941 1078 611 532 844 617 1588 332 220 471 632 312 917 746 495 687 0 453 778 490 1371 639 1840 658 536 1237 548 574 844 207 852 1907 432 674 630 799 466 1120 1409 608 519 1884 339 246 1044 9453 9272 10519 10245 8341 9573 9915 8152 9497 8596 
935 1279 699 1519 703 1047 984 1103 897 1145 395 502 231 424 629 997 1144 945 1114 453 0 879 439 919 336 1418 1075 987 924 976 985 393 618 688 1457 884 1108 987 360 688 1034 992 1009 958 1432 745 225 646 8555 8777 8974 8999 8864 10291 10290 9231 10011 10552 
228 1272 207 1805 970 1162 947 372 352 1606 514 559 663 555 504 140 1374 895 1254 778 879 0 444 1512 685 1717 1260 1016 932 1145 704 1140 661 473 1954 919 1221 544 991 329 468 1332 1255 808 1989 636 739 1009 9588 8471 9433 8080 9511 8657 10133 10209 9517 8097 
538 1163 262 1576 691 1049 894 715 546 1294 159 332 221 192 397 558 1218 843 1135 490 439 444 0 1145 286 1479 1119 934 783 1002 768 713 499 363 1637 822 1114 694 580 340 650 1057 1083 804 1649 570 341 693 9677 9869 8180 9650 9481 8643 10288 9952 8307 10021 
1670 906 1308 735 588 1961 1901 1847 1691 292 1215 1378 973 974 1492 1569 2035 1860 2022 1371 919 1512 1145 0 860 646 1978 1905 813 1887 1870 534 1521 1070 543 1802 2019 1830 586 1483 1355 403 1905 1864 515 1638 1133 519 8240 9220 9543 8375 10568 9020 8772 8394 9441 10198 
816 983 480 1321 443 1244 1123 994 831 1015 378 560 169 133 656 773 1383 1076 1323 639 336 685 286 860 0 1222 1296 1150 611 1185 1036 458 723 368 1356 1038 1308 976 306 624 723 793 1245 1054 1364 819 406 424 8687 10205 9976 9069 9203 8263 9467 8870 10041 10227 
1922 585 1541 102 788 2450 2344 2086 1988 358 1598 1782 1380 1287 1871 1722 2561 2297 2523 1840 1418 1717 1479 646 1222 0 2488 2367 796 2384 2246 1091 1944 1246 435 2256 2513 2160 1059 1806 1391 431 2425 2274 569 2039 1595 800 10159 9392 9679 10439 10460 8022 8761 10250 9401 9415 
1096 2269 1251 2589 1735 116 349 1127 951 2218 962 790 1128 1282 776 1390 117 390 64 658 1075 1260 1119 1978 1296 2488 0 266 1889 118 639 1445 632 1477 2521 343 97 816 1433 941 1689 2059 91 500 2481 625 898 1698 9457 9408 9189 10264 8500 10053 8937 8349 9109 9519 
840 2097 1029 2467 1592 153 85 863 694 2123 787 604 988 1113 558 1142 382 127 243 536 987 1016 934 1905 1150 2367 266 0 1716 177 374 1376 436 1279 2443 113 207 552 1334 709 1459 1936 302 235 2418 390 780 1568 10237 8387 8456 114 9412 9935 9622 10372 9516 10328 
1147 381 774 879 283 1826 1676 1303 1230 771 932 1114 776 608 1174 927 1982 1625 1911 1237 924 932 783 813 611 796 1889 1716 0 1775 1526 807 1281 474 1100 1604 1892 1414 663 1072 605 475 1844 1579 1172 1349 1015 379 9966 9781 8358 9273 9967 8402 10138 9160 9549 10179 
986 2155 1133 2485 1626 83 260 1025 842 2121 847 673 1018 1167 659 1276 230 292 139 548 976 1145 1002 1887 1185 2384 118 177 1775 0 543 1354 514 1360 2429 233 133 716 1334 825 1571 1954 127 404 2393 509 791 1592 9475 8141 9871 10535 10286 8858 8079 10638 9761 8713 
498 1898 772 2343 1458 525 290 493 355 2049 660 493 899 959 381 814 754 251 611 574 985 704 768 1870 1036 2246 639 374 1526 543 0 1370 373 1059 2386 324 572 183 1285 455 1168 1823 669 139 2384 242 761 1456 10470 8248 9779 9345 10071 9800 10547 9006 10160 8421 
1250 1091 936 1190 528 1428 1375 1426 1240 783 737 879 504 591 1001 1231 1504 1337 1489 844 393 1140 713 534 458 1091 1445 1376 807 1354 1370 0 1007 794 1076 1275 1486 1354 169 1026 1143 692 1372 1349 1043 1131 614 437 8070 10356 8684 10297 8564 9409 10562 8968 9722 8221 
553 1661 622 2044 1163 553 402 659 434 1718 353 168 567 678 157 799 739 354 641 207 618 661 499 1521 723 1944 632 436 1281 514 373 1007 0 849 2048 323 618 424 937 332 1062 1514 609 344 2035 134 394 1145 8355 8024 10579 9331 9752 9538 8049 9765 9715 9723 
678 840 301 1336 503 1401 1231 841 757 1138 522 687 468 265 724 503 1579 1178 1490 852 688 473 363 1070 368 1246 1477 1279 474 1360 1059 794 849 0 1486 1168 1466 941 627 604 356 860 1444 1122 1528 898 677 554 9705 10141 9915 9836 9074 8597 8519 10358 8312 9043 
2136 988 1760 451 985 2502 2435 2310 2177 349 1727 1899 1488 1453 2006 1986 2577 2393 2564 1907 1457 1954 1637 543 1356 435 2521 2443 1100 2429 2386 1076 2048 1486 0 2338 2561 2331 1112 1976 1701 633 2447 2390 146 2160 1666 953 8983 8269 9349 8114 10220 9081 8621 8073 8755 10042 
754 1984 922 2357 1481 244 105 795 610 2017 675 491 877 1000 449 1048 459 91 336 432 884 919 822 1802 1038 2256 343 113 1604 233 324 1275 323 1168 2338 0 305 488 1228 605 1356 1826 355 190 2316 286 673 1457 8667 8054 9664 9326 9494 9995 9778 8738 9257 10029 
1046 2272 1227 2613 1750 66 285 1064 900 2252 961 782 1142 1284 753 1348 193 332 42 674 1108 1221 1114 2019 1308 2513 97 207 1892 133 572 1486 618 1466 2561 305 0 753 1464 910 1661 2082 181 437 2526 590 919 1718 8621 8280 9025 8377 10504 9098 8842 9134 10616 9056 
326 1778 644 2255 1377 704 469 312 194 1987 620 487 861 882 359 643 933 427 792 630 987 544 694 1830 976 2160 816 552 1414 716 183 1354 424 941 2331 488 753 0 1250 357 1011 1745 841 317 2339 301 769 1385 8420 9341 9723 9873 9292 9710 10067 9206 9770 9074 
1117 976 785 1161 396 1403 1324 1294 1121 790 632 793 390 437 907 1075 1503 1281 1471 799 360 991 580 586 306 1059 1433 1334 663 1334 1285 169 937 627 1112 1228 1464 1250 0 909 974 637 1368 1280 1100 1053 555 317 8735 8019 8926 9147 8818 10222 8250 10549 10234 9651 
261 1443 325 1901 1021 848 648 418 214 1632 295 250 524 526 175 467 1054 595 940 466 688 329 340 1483 624 1806 941 709 1072 825 455 1026 332 604 1976 605 910 357 909 0 751 1389 931 525 1988 320 495 1029 9831 9360 9467 8948 9718 9379 9795 8218 9575 8451 
692 872 442 1467 768 1598 1396 805 819 1366 795 921 807 611 913 393 1799 1344 1690 1120 1034 468 650 1355 723 1391 1689 1459 605 1571 1168 1143 1062 356 1701 1356 1661 1011 974 751 0 1071 1671 1264 1766 1071 989 843 9831 9863 10537 9106 8087 9058 8324 10618 9337 9501 
1525 504 1144 532 370 2019 1914 1695 1579 297 1171 1353 949 866 1445 1356 2134 1867 2093 1409 992 1332 1057 403 793 431 2059 1936 475 1954 1823 692 1514 860 633 1826 2082 1745 637 1389 1071 0 1997 1846 698 1611 1164 370 8103 9858 9543 8110 8728 9357 10086 8680 8708 9198 
1104 2223 1231 2526 1680 174 386 1149 961 2149 925 760 1076 1238 761 1389 139 418 154 608 1009 1255 1083 1905 1245 2425 91 302 1844 127 669 1372 609 1444 2447 355 181 841 1368 931 1671 1997 0 530 2405 622 842 1640 10089 9274 10381 9895 10182 9926 9403 9223 10111 8205 
616 1957 850 2373 1489 387 153 629 470 2058 676 495 905 993 408 926 616 112 475 519 958 808 804 1864 1054 2274 500 235 1579 404 139 1349 344 1122 2390 190 437 317 1280 525 1264 1846 530 0 2379 236 735 1477 10174 8286 9930 9419 9002 10497 10639 8380 8190 8186 
2162 1098 1790 594 1025 2468 2415 2338 2193 401 1727 1892 1486 1470 2004 2030 2532 2375 2527 1884 1432 1989 1649 515 1364 569 2481 2418 1172 2393 2384 1043 2035 1528 146 2316 2526 2339 1100 1988 1766 698 2405 2379 0 2152 1647 981 9327 9501 10092 8754 8941 9052 10458 9101 10310 9204 
488 1727 640 2138 1253 528 334 565 352 1826 441 262 673 758 176 768 739 281 621 339 745 636 570 1638 819 2039 625 390 1349 509 242 1131 134 898 2160 286 590 301 1053 320 1071 1611 622 236 2152 0 520 1242 10039 9674 8712 9090 9189 8594 8173 10145 8908 9296 
753 1388 591 1695 839 856 769 911 695 1344 225 282 239 428 410 870 980 728 930 246 225 739 341 1133 406 1595 898 780 1015 791 761 614 394 677 1666 673 919 769 555 495 989 1164 842 735 1647 520 0 801 9792 10284 8120 9313 8002 10191 9988 8807 8721 9293 
1184 661 810 900 97 1654 1545 1359 1226 606 802 984 581 504 1077 1056 1777 1498 1730 1044 646 1009 693 519 424 800 1698 1568 379 1592 1456 437 1145 554 953 1457 1718 1385 317 1029 843 370 1640 1477 981 1242 801 0 9608 9533 10291 8760 9304 9952 10566 8271 8233 9267 
8149 9170 9079 9075 10240 8540 9271 8961 10593 8150 9868 8245 9675 9830 8129 8018 8313 8018 9112 9453 8555 9588 9677 8240 8687 10159 9457 10237 9966 9475 10470 8070 8355 9705 8983 8667 8621 8420 8735 9831 9831 8103 10089 10174 9327 10039 9792 9608 0 228 592 376 568 132 332 568 784 592 
10233 9617 10450 9227 8608 8258 10365 8106 10217 9295 9137 8354 8360 9507 9105 8246 8619 9880 10241 9272 8777 8471 9869 9220 10205 9392 9408 8387 9781 8141 8248 10356 8024 10141 8269 8054 8280 9341 8019 9360 9863 9858 9274 8286 9501 9674 10284 9533 228 0 16 244 556 316 444 368 356 456 
9939 9532 8396 10280 10359 10215 8013 8034 10299 10178 10604 8111 10047 8277 8588 10210 8807 10181 10511 10519 8974 9433 8180 9543 9976 9679 9189 8456 8358 9871 9779 8684 10579 9915 9349 9664 9025 9723 8926 9467 10537 9543 10381 9930 10092 8712 8120 10291 592 16 0 376 684 128 376 556 324 556 
10611 9792 10485 9459 10134 8292 9444 9004 8789 9716 8652 10182 8868 8339 10019 9638 10346 10236 8299 10245 8999 8080 9650 8375 9069 10439 10264 114 9273 10535 9345 10297 9331 9836 8114 9326 8377 9873 9147 8948 9106 8110 9895 9419 8754 9090 9313 8760 376 244 376 0 652 0 192 652 652 376 
10362 10399 9279 8927 9850 10456 9411 9471 9370 9333 9580 8452 9931 10125 8042 10194 8337 9539 9700 8341 8864 9511 9481 10568 9203 10460 8500 9412 9967 10286 10071 8564 9752 9074 10220 9494 10504 9292 8818 9718 8087 8728 10182 9002 8941 9189 8002 9304 568 556 684 652 0 128 292 684 292 684 
9627 10499 10377 10225 9082 10605 9415 9503 10491 9437 9415 8805 10109 8759 10627 8132 8555 10274 10053 9573 10291 8657 8643 9020 8263 8022 10053 9935 8402 8858 9800 9409 9538 8597 9081 9995 9098 9710 10222 9379 9058 9357 9926 10497 9052 8594 10191 9952 132 316 128 0 128 0 332 324 468 624 
9015 8195 8182 8875 9496 9933 10176 9335 8256 10308 10441 10331 9832 8040 9598 10334 9112 9775 8936 9915 10290 10133 10288 8772 9467 8761 8937 9622 10138 8079 10547 10562 8049 8519 8621 9778 8842 10067 8250 9795 8324 10086 9403 10639 10458 8173 9988 10566 332 444 376 192 292 332 0 376 576 592 
10235 9891 9273 9585 9353 109 9240 8505 8296 10065 9576 9423 8506 10407 8944 8501 8202 10128 8671 8152 9231 10209 9952 8394 8870 10250 8349 10372 9160 10638 9006 8968 9765 10358 8073 8738 9134 9206 10549 8218 10618 8680 9223 8380 9101 10145 8807 8271 568 368 556 652 684 324 376 0 292 556 
10114 9666 8769 9971 9286 9556 9528 8251 8262 8072 10140 10118 8423 9535 10180 8493 9263 8045 10586 9497 10011 9517 8307 9441 10041 9401 9109 9516 9549 9761 10160 9722 9715 8312 8755 9257 10616 9770 10234 9575 9337 8708 10111 8190 10310 8908 8721 8233 784 356 324 652 292 468 576 292 0 324 
8902 8495 8765 8707 8070 8284 8957 8965 9471 10325 8741 9240 8395 10208 9251 8996 8145 8620 9470 8596 10552 8097 10021 10198 10227 9415 9519 10328 10179 8713 8421 8221 9723 9043 10042 10029 9056 9074 9651 8451 9501 9198 8205 8186 9204 9296 9293 9267 592 456 556 376 684 624 592 556 324 0 
