0 107 241 190 124 80 316 76 152 157 283 133 113 297 228 129 348 276 188 150 65 341 184 67 221 169 108 45 167 1946 2377 1850 1817 2284 2195 1932 1853 2201 2168 
107 0 148 137 88 127 336 183 134 95 254 180 101 234 175 176 265 199 182 67 42 278 271 146 251 105 191 139 79 2001 2103 2132 1912 1883 2130 43 2346 2062 2330 
241 148 0 374 171 259 509 317 217 232 491 312 280 391 412 349 422 356 355 204 182 435 417 292 424 116 337 273 77 1850 1856 2393 2288 2274 1943 1899 2057 2366 2399 
190 137 374 0 202 234 222 192 248 42 117 287 79 107 38 121 152 86 68 70 137 151 239 135 137 242 165 228 205 2319 2153 2092 2281 2165 2116 2215 1944 1921 2009 
124 88 171 202 0 61 392 202 46 160 319 112 163 322 240 232 314 287 238 155 65 366 300 175 307 57 220 121 97 2305 2200 2011 2225 2010 1905 2308 2365 2298 2034 
80 127 259 234 61 0 386 141 72 167 351 55 157 331 272 226 362 296 232 164 85 375 249 147 301 118 188 60 185 2069 2243 2106 1804 2308 2365 1808 2030 1923 2281 
316 336 509 222 392 386 0 233 438 254 202 439 235 254 210 187 313 266 154 282 321 298 168 249 95 437 190 314 435 2353 2061 2377 1886 2368 2138 2181 2310 1874 2126 
76 183 317 192 202 141 233 0 213 188 272 193 131 302 233 98 344 289 177 216 141 346 108 57 190 245 43 81 243 1834 1809 1933 1857 2284 2377 2079 1808 1828 1838 
152 134 217 248 46 72 438 213 0 206 365 89 209 368 286 278 360 333 284 201 111 412 321 221 353 72 266 132 111 2394 2121 1824 1903 1822 2249 1985 2102 2058 1844 
157 95 232 42 160 167 254 188 206 0 159 220 57 149 80 132 193 127 100 28 95 193 241 131 169 200 161 189 163 2324 1844 1911 1997 2158 2102 1879 2040 2007 1805 
283 254 491 117 319 351 202 272 365 159 0 404 176 106 79 161 165 141 95 187 254 103 279 215 117 359 216 308 322 2123 2058 2297 2314 1997 1842 2228 2047 2303 2339 
133 180 312 287 112 55 439 193 89 220 404 0 210 384 325 279 415 349 285 217 138 428 310 200 354 169 241 112 238 2045 2087 2210 2293 2252 2228 2356 1896 2389 2360 
113 101 280 79 163 157 235 131 209 57 176 210 0 186 117 75 231 165 81 85 92 230 184 74 150 208 104 158 206 2221 2378 2246 2323 2036 2301 2399 1859 2165 1813 
297 234 391 107 322 331 254 302 368 149 106 384 186 0 69 191 59 35 125 167 255 44 309 245 169 327 246 335 288 1934 2129 2119 1843 1920 1993 2137 2227 2370 1858 
228 175 412 38 240 272 210 233 286 80 79 325 117 69 0 122 122 56 56 108 175 113 240 176 125 280 177 266 243 1987 1920 1938 2039 2187 2352 1895 2397 2046 2035 
129 176 349 121 232 226 187 98 278 132 161 279 75 191 122 0 244 178 66 160 161 235 118 62 92 277 55 155 275 1845 1853 2328 1845 2334 2384 1991 2088 1928 1856 
348 265 422 152 314 362 313 344 360 193 165 415 231 59 122 244 0 66 178 198 286 77 362 287 228 358 299 380 319 2182 2218 1848 1897 2400 1814 1908 2119 2230 2127 
276 199 356 86 287 296 266 289 333 127 141 349 165 35 56 178 66 0 112 132 220 79 296 232 181 292 233 314 253 1809 2219 1934 2060 2184 1851 2245 2392 2018 2232 
188 182 355 68 238 232 154 177 284 100 95 285 81 125 56 66 178 112 0 128 167 169 179 120 69 283 121 213 281 1867 1923 2214 2171 2177 1940 1989 1836 2102 2072 
150 67 204 70 155 164 282 216 201 28 187 217 85 167 108 160 198 132 128 0 88 211 269 159 197 172 189 182 135 2085 2043 2035 5 1938 2085 2056 2085 2306 2026 
65 42 182 137 65 85 321 141 111 95 254 138 92 255 175 161 286 220 167 88 0 299 229 104 236 110 149 97 108 2028 1917 2285 2380 2207 2361 1807 2329 1855 1845 
341 278 435 151 366 375 298 346 412 193 103 428 230 44 113 235 77 79 169 211 299 0 353 289 213 371 290 379 332 2176 1897 2120 2352 2013 2023 1819 1932 2112 2299 
184 271 417 239 300 249 168 108 321 241 279 310 184 309 240 118 362 296 179 269 229 353 0 121 162 345 80 189 342 2007 2168 2159 2033 2197 2332 2067 2314 2013 1912 
67 146 292 135 175 147 249 57 221 131 215 200 74 245 176 62 287 232 120 159 104 289 121 0 154 220 41 93 218 1911 2269 1837 2198 2259 2339 1855 1884 2383 2285 
221 251 424 137 307 301 95 190 353 169 117 354 150 169 125 92 228 181 69 197 236 213 162 154 0 352 147 247 350 2210 2099 2235 1849 2109 2289 2369 1909 2160 2357 
169 105 116 242 57 118 437 245 72 200 359 169 208 327 280 277 358 292 283 172 110 371 345 220 352 0 265 178 39 1975 2261 2068 2054 1820 2345 2300 1985 2162 2348 
108 191 337 165 220 188 190 43 266 161 216 241 104 246 177 55 299 233 121 189 149 290 80 41 147 265 0 124 263 2276 2191 1980 2354 1907 1996 1971 2335 2312 2326 
45 139 273 228 121 60 314 81 132 189 308 112 158 335 266 155 380 314 213 182 97 379 189 93 247 178 124 0 199 2373 2355 2196 2292 2035 1963 2382 2379 2107 2310 
167 79 77 205 97 185 435 243 111 163 322 238 206 288 243 275 319 253 281 135 108 332 342 218 350 39 263 199 0 1878 2003 2210 2017 2081 2373 2367 1964 1902 2048 
1946 2001 1850 2319 2305 2069 2353 1834 2394 2324 2123 2045 2221 1934 1987 1845 2182 1809 1867 2085 2028 2176 2007 1911 2210 1975 2276 2373 1878 0 258 192 258 309 366 51 420 87 192 
2377 2103 1856 2153 2200 2243 2061 1809 2121 1844 2058 2087 2378 2129 1920 1853 2218 2219 1923 2043 1917 1897 2168 2269 2099 2261 2191 2355 2003 258 0 207 525 525 402 51 162 366 162 
1850 2132 2393 2092 2011 2106 2377 1933 1824 1911 2297 2210 2246 2119 1938 2328 1848 1934 2214 2035 2285 2120 2159 1837 2235 2068 1980 2196 2210 192 207 0 258 600 192 564 24 255 564 
1817 1912 2288 2281 2225 1804 1886 1857 1903 1997 2314 2293 2323 1843 2039 1845 1897 2060 2171 5 2380 2352 2033 2198 1849 2054 2354 2292 2017 258 525 258 0 516 516 45 579 261 60 
2284 1883 2274 2165 2010 2308 2368 2284 1822 2158 1997 2252 2036 1920 2187 2334 2400 2184 2177 1938 2207 2013 2197 2259 2109 1820 1907 2035 2081 309 525 600 516 0 516 45 57 456 198 
2195 2130 1943 2116 1905 2365 2138 2377 2249 2102 1842 2228 2301 1993 2352 2384 1814 1851 1940 2085 2361 2023 2332 2339 2289 2345 1996 1963 2373 366 402 192 516 516 0 45 519 195 507 
1932 43 1899 2215 2308 1808 2181 2079 1985 1879 2228 2356 2399 2137 1895 1991 1908 2245 1989 2056 1807 1819 2067 1855 2369 2300 1971 2382 2367 51 51 564 45 45 45 0 519 237 564 
1853 2346 2057 1944 2365 2030 2310 1808 2102 2040 2047 1896 1859 2227 2397 2088 2119 2392 1836 2085 2329 1932 2314 1884 1909 1985 2335 2379 1964 420 162 24 579 57 519 519 0 516 420 
2201 2062 2366 1921 2298 1923 1874 1828 2058 2007 2303 2389 2165 2370 2046 1928 2230 2018 2102 2306 1855 2112 2013 2383 2160 2162 2312 2107 1902 87 366 255 261 456 195 237 516 0 444 
2168 2330 2399 2009 2034 2281 2126 1838 1844 1805 2339 2360 1813 1858 2035 1856 2127 2232 2072 2026 1845 2299 1912 2285 2357 2348 2326 2310 2048 192 162 564 60 198 507 564 420 444 0 

0 107 241 190 124 80 316 76 152 157 283 133 113 297 228 129 348 276 188 150 65 341 184 67 221 169 108 45 167 1898 2079 2318 2335 2033 2006 2310 2342 1907 2397 
107 0 148 137 88 127 336 183 134 95 254 180 101 234 175 176 265 199 182 67 42 278 271 146 251 105 191 139 79 2070 1834 2069 1871 2370 1855 39 1918 2214 2080 
241 148 0 374 171 259 509 317 217 232 491 312 280 391 412 349 422 356 355 204 182 435 417 292 424 116 337 273 77 2209 1835 1942 1886 2123 2047 2066 1990 1949 1835 
190 137 374 0 202 234 222 192 248 42 117 287 79 107 38 121 152 86 68 70 137 151 239 135 137 242 165 228 205 2153 2037 2099 2058 2180 2044 2056 2265 2001 2065 
124 88 171 202 0 61 392 202 46 160 319 112 163 322 240 232 314 287 238 155 65 366 300 175 307 57 220 121 97 2280 1953 2074 2100 2285 1930 2061 2270 1966 2361 
80 127 259 234 61 0 386 141 72 167 351 55 157 331 272 226 362 296 232 164 85 375 249 147 301 118 188 60 185 1959 2134 2009 1971 1990 2202 2243 2400 1891 2380 
316 336 509 222 392 386 0 233 438 254 202 439 235 254 210 187 313 266 154 282 321 298 168 249 95 437 190 314 435 2262 1833 1895 2230 2248 1889 2177 2342 1849 2307 
76 183 317 192 202 141 233 0 213 188 272 193 131 302 233 98 344 289 177 216 141 346 108 57 190 245 43 81 243 2279 1978 2389 2234 2008 2273 2049 2030 2306 1905 
152 134 217 248 46 72 438 213 0 206 365 89 209 368 286 278 360 333 284 201 111 412 321 221 353 72 266 132 111 2006 2365 1906 2267 2095 2261 1920 1819 2150 2210 
157 95 232 42 160 167 254 188 206 0 159 220 57 149 80 132 193 127 100 28 95 193 241 131 169 200 161 189 163 1831 2023 1839 2317 2053 2011 2122 2159 1916 1881 
283 254 491 117 319 351 202 272 365 159 0 404 176 106 79 161 165 141 95 187 254 103 279 215 117 359 216 308 322 1896 2354 2392 1922 2306 2279 2015 1841 1979 1985 
133 180 312 287 112 55 439 193 89 220 404 0 210 384 325 279 415 349 285 217 138 428 310 200 354 169 241 112 238 2315 2103 1969 2399 2360 2187 2257 2309 2093 2121 
113 101 280 79 163 157 235 131 209 57 176 210 0 186 117 75 231 165 81 85 92 230 184 74 150 208 104 158 206 2211 2230 1971 1875 2264 2106 2199 2218 2024 2359 
297 234 391 107 322 331 254 302 368 149 106 384 186 0 69 191 59 35 125 167 255 44 309 245 169 327 246 335 288 1856 2061 2338 1848 2185 1863 2058 2195 2134 2059 
228 175 412 38 240 272 210 233 286 80 79 325 117 69 0 122 122 56 56 108 175 113 240 176 125 280 177 266 243 2239 1896 1927 1803 2134 2121 1912 2276 1936 2060 
129 176 349 121 232 226 187 98 278 132 161 279 75 191 122 0 244 178 66 160 161 235 118 62 92 277 55 155 275 2285 2338 1867 2064 2148 2144 2285 2177 1827 2163 
348 265 422 152 314 362 313 344 360 193 165 415 231 59 122 244 0 66 178 198 286 77 362 287 228 358 299 380 319 2047 1930 1943 2231 2037 2179 2154 2007 2012 2082 
276 199 356 86 287 296 266 289 333 127 141 349 165 35 56 178 66 0 112 132 220 79 296 232 181 292 233 314 253 1880 2041 1869 1981 1851 2282 2033 2164 2257 2112 
188 182 355 68 238 232 154 177 284 100 95 285 81 125 56 66 178 112 0 128 167 169 179 120 69 283 121 213 281 1866 2224 2309 2274 1871 1990 2353 2220 2110 2301 
150 67 204 70 155 164 282 216 201 28 187 217 85 167 108 160 198 132 128 0 88 211 269 159 197 172 189 182 135 2238 1871 2112 53 2299 2027 2138 1919 2144 1859 
65 42 182 137 65 85 321 141 111 95 254 138 92 255 175 161 286 220 167 88 0 299 229 104 236 110 149 97 108 1847 2369 1876 2163 1947 2121 2383 2189 2186 1981 
341 278 435 151 366 375 298 346 412 193 103 428 230 44 113 235 77 79 169 211 299 0 353 289 213 371 290 379 332 1819 2238 1919 1930 1896 2243 2137 2351 1895 2252 
184 271 417 239 300 249 168 108 321 241 279 310 184 309 240 118 362 296 179 269 229 353 0 121 162 345 80 189 342 2174 2166 1819 2367 2359 2226 2289 1913 2141 2080 
67 146 292 135 175 147 249 57 221 131 215 200 74 245 176 62 287 232 120 159 104 289 121 0 154 220 41 93 218 2156 2194 2213 1833 1822 2225 2001 1945 2383 2354 
221 251 424 137 307 301 95 190 353 169 117 354 150 169 125 92 228 181 69 197 236 213 162 154 0 352 147 247 350 2187 2396 2029 2240 2114 2301 2093 1908 2385 2133 
169 105 116 242 57 118 437 245 72 200 359 169 208 327 280 277 358 292 283 172 110 371 345 220 352 0 265 178 39 1937 1932 2012 2285 1941 2305 1895 2243 2156 2104 
108 191 337 165 220 188 190 43 266 161 216 241 104 246 177 55 299 233 121 189 149 290 80 41 147 265 0 124 263 2284 2160 2380 2191 1909 2181 1983 2388 2099 2227 
45 139 273 228 121 60 314 81 132 189 308 112 158 335 266 155 380 314 213 182 97 379 189 93 247 178 124 0 199 1957 2254 1936 2061 2087 2154 2329 2110 2134 2304 
167 79 77 205 97 185 435 243 111 163 322 238 206 288 243 275 319 253 281 135 108 332 342 218 350 39 263 199 0 1953 2239 1997 1999 2323 2139 2300 2004 2380 2320 
1898 2070 2209 2153 2280 1959 2262 2279 2006 1831 1896 2315 2211 1856 2239 2285 2047 1880 1866 2238 1847 1819 2174 2156 2187 1937 2284 1957 1953 0 228 272 228 194 328 268 230 342 272 
2079 1834 1835 2037 1953 2134 1833 1978 2365 2023 2354 2103 2230 2061 1896 2338 1930 2041 2224 1871 2369 2238 2166 2194 2396 1932 2160 2254 2239 228 0 262 282 282 132 268 292 156 292 
2318 2069 1942 2099 2074 2009 1895 2389 1906 1839 2392 1969 1971 2338 1927 1867 1943 1869 2309 2112 1876 1919 1819 2213 2029 2012 2380 1936 1997 272 262 0 228 0 272 74 384 230 74 
2335 1871 1886 2058 2100 1971 2230 2234 2267 2317 1922 2399 1875 1848 1803 2064 2231 1981 2274 53 2163 1930 2367 1833 2240 2285 2191 2061 1999 228 282 228 0 56 56 50 14 226 360 
2033 2370 2123 2180 2285 1990 2248 2008 2095 2053 2306 2360 2264 2185 2134 2148 2037 1851 1871 2299 1947 1896 2359 1822 2114 1941 1909 2087 2323 194 282 0 56 0 56 50 362 96 268 
2006 1855 2047 2044 1930 2202 1889 2273 2261 2011 2279 2187 2106 1863 2121 2144 2179 2282 1990 2027 2121 2243 2226 2225 2301 2305 2181 2154 2139 328 132 272 56 56 0 50 54 270 62 
2310 39 2066 2056 2061 2243 2177 2049 1920 2122 2015 2257 2199 2058 1912 2285 2154 2033 2353 2138 2383 2137 2289 2001 2093 1895 1983 2329 2300 268 268 74 50 50 50 0 54 242 74 
2342 1918 1990 2265 2270 2400 2342 2030 1819 2159 1841 2309 2218 2195 2276 2177 2007 2164 2220 1919 2189 2351 1913 1945 1908 2243 2388 2110 2004 230 292 384 14 362 54 54 0 56 230 
1907 2214 1949 2001 1966 1891 1849 2306 2150 1916 1979 2093 2024 2134 1936 1827 2012 2257 2110 2144 2186 1895 2141 2383 2385 2156 2099 2134 2380 342 156 230 226 96 270 242 56 0 104 
2397 2080 1835 2065 2361 2380 2307 1905 2210 1881 1985 2121 2359 2059 2060 2163 2082 2112 2301 1859 1981 2252 2080 2354 2133 2104 2227 2304 2320 272 292 74 360 268 62 74 230 104 0 
