0 107 241 190 124 80 316 76 152 157 283 133 113 297 228 129 348 276 188 150 65 341 184 67 221 169 108 45 167 3016 3051 3879 3482 3255 3769 3297 3357 3670 3792 
107 0 148 137 88 127 336 183 134 95 254 180 101 234 175 176 265 199 182 67 42 278 271 146 251 105 191 139 79 3849 3687 3669 3262 3709 3574 3652 3667 3680 3710 
241 148 0 374 171 259 509 317 217 232 491 312 280 391 412 349 422 356 355 204 182 435 417 292 424 116 337 273 77 3169 3759 2978 3662 3009 2943 3291 3550 3305 3775 
190 137 374 0 202 234 222 192 248 42 117 287 79 107 38 121 152 86 68 70 137 151 239 135 137 242 165 228 205 3758 3885 3167 2947 3186 3398 2953 3385 3560 3025 
124 88 171 202 0 61 392 202 46 160 319 112 163 322 240 232 314 287 238 155 65 366 300 175 307 57 220 121 97 3572 3638 3384 3551 3409 3602 3666 3380 3802 3221 
80 127 259 234 61 0 386 141 72 167 351 55 157 331 272 226 362 296 232 164 85 375 249 147 301 118 188 60 185 3413 3576 3111 3856 3472 3117 3339 3518 2984 3439 
316 336 509 222 392 386 0 233 438 254 202 439 235 254 210 187 313 266 154 282 321 298 168 249 95 437 190 314 435 3642 3760 3468 3839 2951 3656 3638 3699 150 3581 
76 183 317 192 202 141 233 0 213 188 272 193 131 302 233 98 344 289 177 216 141 346 108 57 190 245 43 81 243 3486 3805 3184 3743 3778 2993 3575 3543 3556 3209 
152 134 217 248 46 72 438 213 0 206 365 89 209 368 286 278 360 333 284 201 111 412 321 221 353 72 266 132 111 3210 3337 3273 3854 3178 3214 3652 3746 3175 3020 
157 95 232 42 160 167 254 188 206 0 159 220 57 149 80 132 193 127 100 28 95 193 241 131 169 200 161 189 163 3553 3284 3101 3254 3021 2970 2963 3495 2943 3568 
283 254 491 117 319 351 202 272 365 159 0 404 176 106 79 161 165 141 95 187 254 103 279 215 117 359 216 308 322 3258 3149 3839 2985 3877 3367 3739 3328 3310 3244 
133 180 312 287 112 55 439 193 89 220 404 0 210 384 325 279 415 349 285 217 138 428 310 200 354 169 241 112 238 3276 3359 3395 3291 3085 3868 2940 3352 3761 3394 
113 101 280 79 163 157 235 131 209 57 176 210 0 186 117 75 231 165 81 85 92 230 184 74 150 208 104 158 206 3176 3186 3352 3819 3431 3033 3407 3898 3216 3749 
297 234 391 107 322 331 254 302 368 149 106 384 186 0 69 191 59 35 125 167 255 44 309 245 169 327 246 335 288 3427 2939 3758 3664 3437 3535 3233 2972 2979 3252 
228 175 412 38 240 272 210 233 286 80 79 325 117 69 0 122 122 56 56 108 175 113 240 176 125 280 177 266 243 2929 3602 3143 3757 3298 3838 3538 3079 3119 3281 
129 176 349 121 232 226 187 98 278 132 161 279 75 191 122 0 244 178 66 160 161 235 118 62 92 277 55 155 275 3760 3453 3009 3436 3354 3799 3404 2939 3135 3249 
348 265 422 152 314 362 313 344 360 193 165 415 231 59 122 244 0 66 178 198 286 77 362 287 228 358 299 380 319 3767 3248 3501 3126 2937 3200 3625 3360 3792 3888 
276 199 356 86 287 296 266 289 333 127 141 349 165 35 56 178 66 0 112 132 220 79 296 232 181 292 233 314 253 3538 3090 3065 3820 3274 3250 3012 3327 3190 3773 
188 182 355 68 238 232 154 177 284 100 95 285 81 125 56 66 178 112 0 128 167 169 179 120 69 283 121 213 281 3312 3436 3331 3818 3644 3008 3826 3367 3031 3894 
150 67 204 70 155 164 282 216 201 28 187 217 85 167 108 160 198 132 128 0 88 211 269 159 197 172 189 182 135 3174 3303 3684 3849 3097 3217 3573 3040 3280 3113 
65 42 182 137 65 85 321 141 111 95 254 138 92 255 175 161 286 220 167 88 0 299 229 104 236 110 149 97 108 3847 3511 2935 3433 2939 2952 3347 3479 3485 3504 
341 278 435 151 366 375 298 346 412 193 103 428 230 44 113 235 77 79 169 211 299 0 353 289 213 371 290 379 332 2939 3000 3538 3578 3543 3227 3753 3720 3499 3090 
184 271 417 239 300 249 168 108 321 241 279 310 184 309 240 118 362 296 179 269 229 353 0 121 162 345 80 189 342 3277 3185 3520 3268 5 3405 3884 3311 3603 3457 
67 146 292 135 175 147 249 57 221 131 215 200 74 245 176 62 287 232 120 159 104 289 121 0 154 220 41 93 218 3228 3899 3721 3257 3290 3173 3383 3729 3272 3076 
221 251 424 137 307 301 95 190 353 169 117 354 150 169 125 92 228 181 69 197 236 213 162 154 0 352 147 247 350 3408 3344 3674 3832 3145 3201 3197 3433 3403 3328 
169 105 116 242 57 118 437 245 72 200 359 169 208 327 280 277 358 292 283 172 110 371 345 220 352 0 265 178 39 3256 3633 2990 3063 3710 3334 3037 3110 3681 3897 
108 191 337 165 220 188 190 43 266 161 216 241 104 246 177 55 299 233 121 189 149 290 80 41 147 265 0 124 263 2977 3715 3826 3491 3762 3043 3140 2992 3296 3708 
45 139 273 228 121 60 314 81 132 189 308 112 158 335 266 155 380 314 213 182 97 379 189 93 247 178 124 0 199 3425 3224 3372 3305 3069 3432 3383 3300 2964 2976 
167 79 77 205 97 185 435 243 111 163 322 238 206 288 243 275 319 253 281 135 108 332 342 218 350 39 263 199 0 2987 3860 3760 3672 3323 2955 2957 3059 2972 3876 
3016 3849 3169 3758 3572 3413 3642 3486 3210 3553 3258 3276 3176 3427 2929 3760 3767 3538 3312 3174 3847 2939 3277 3228 3408 3256 2977 3425 2987 0 528 585 69 573 294 69 69 297 387 
3051 3687 3759 3885 3638 3576 3760 3805 3337 3284 3149 3359 3186 2939 3602 3453 3248 3090 3436 3303 3511 3000 3185 3899 3344 3633 3715 3224 3860 528 0 15 213 531 213 213 15 393 171 
3879 3669 2978 3167 3384 3111 3468 3184 3273 3101 3839 3395 3352 3758 3143 3009 3501 3065 3331 3684 2935 3538 3520 3721 3674 2990 3826 3372 3760 585 15 0 588 159 531 531 252 426 225 
3482 3262 3662 2947 3551 3856 3839 3743 3854 3254 2985 3291 3819 3664 3757 3436 3126 3820 3818 3849 3433 3578 3268 3257 3832 3063 3491 3305 3672 69 213 588 0 510 279 279 447 21 306 
3255 3709 3009 3186 3409 3472 2951 3778 3178 3021 3877 3085 3431 3437 3298 3354 2937 3274 3644 3097 2939 3543 5 3290 3145 3710 3762 3069 3323 573 531 159 510 0 159 510 315 561 576 
3769 3574 2943 3398 3602 3117 3656 2993 3214 2970 3367 3868 3033 3535 3838 3799 3200 3250 3008 3217 2952 3227 3405 3173 3201 3334 3043 3432 2955 294 213 531 279 159 0 279 561 21 468 
3297 3652 3291 2953 3666 3339 3638 3575 3652 2963 3739 2940 3407 3233 3538 3404 3625 3012 3826 3573 3347 3753 3884 3383 3197 3037 3140 3383 2957 69 213 531 279 510 279 0 447 21 396 
3357 3667 3550 3385 3380 3518 3699 3543 3746 3495 3328 3352 3898 2972 3079 2939 3360 3327 3367 3040 3479 3720 3311 3729 3433 3110 2992 3300 3059 69 15 252 447 315 561 447 0 540 465 
3670 3680 3305 3560 3802 2984 150 3556 3175 2943 3310 3761 3216 2979 3119 3135 3792 3190 3031 3280 3485 3499 3603 3272 3403 3681 3296 2964 2972 297 393 426 21 561 21 21 540 0 396 
3792 3710 3775 3025 3221 3439 3581 3209 3020 3568 3244 3394 3749 3252 3281 3249 3888 3773 3894 3113 3504 3090 3457 3076 3328 3897 3708 2976 3876 387 171 225 306 576 468 396 465 396 0 

0 107 241 190 124 80 316 76 152 157 283 133 113 297 228 129 348 276 188 150 65 341 184 67 221 169 108 45 167 3610 3544 3235 3221 3541 3143 3137 3408 3076 3863 
107 0 148 137 88 127 336 183 134 95 254 180 101 234 175 176 265 199 182 67 42 278 271 146 251 105 191 139 79 3311 3744 3306 3878 2995 3700 3414 3477 3536 3458 
241 148 0 374 171 259 509 317 217 232 491 312 280 391 412 349 422 356 355 204 182 435 417 292 424 116 337 273 77 3798 3500 3410 3801 3421 3120 3634 3882 3046 3698 
190 137 374 0 202 234 222 192 248 42 117 287 79 107 38 121 152 86 68 70 137 151 239 135 137 242 165 228 205 3732 3242 3111 3186 3819 3899 3792 3078 3268 3273 
124 88 171 202 0 61 392 202 46 160 319 112 163 322 240 232 314 287 238 155 65 366 300 175 307 57 220 121 97 3071 3410 3483 3186 3765 3430 3022 3650 3025 3049 
80 127 259 234 61 0 386 141 72 167 351 55 157 331 272 226 362 296 232 164 85 375 249 147 301 118 188 60 185 3668 3532 3339 3058 2973 3422 3831 3297 3456 3800 
316 336 509 222 392 386 0 233 438 254 202 439 235 254 210 187 313 266 154 282 321 298 168 249 95 437 190 314 435 3508 3025 3221 3335 3156 3798 3207 3148 74 3608 
76 183 317 192 202 141 233 0 213 188 272 193 131 302 233 98 344 289 177 216 141 346 108 57 190 245 43 81 243 3607 3404 3597 3875 3305 3500 3188 3682 3556 3694 
152 134 217 248 46 72 438 213 0 206 365 89 209 368 286 278 360 333 284 201 111 412 321 221 353 72 266 132 111 3862 3362 3196 3234 2973 3037 3183 3667 3601 3624 
157 95 232 42 160 167 254 188 206 0 159 220 57 149 80 132 193 127 100 28 95 193 241 131 169 200 161 189 163 3788 3087 3355 3242 3428 3428 3297 3838 3231 3249 
283 254 491 117 319 351 202 272 365 159 0 404 176 106 79 161 165 141 95 187 254 103 279 215 117 359 216 308 322 3692 2988 2984 3435 2973 3698 3104 3804 3499 3195 
133 180 312 287 112 55 439 193 89 220 404 0 210 384 325 279 415 349 285 217 138 428 310 200 354 169 241 112 238 3541 3572 3302 3858 3392 3830 2946 2978 3728 3562 
113 101 280 79 163 157 235 131 209 57 176 210 0 186 117 75 231 165 81 85 92 230 184 74 150 208 104 158 206 3585 3764 3802 3798 3536 2940 3321 3900 3422 3489 
297 234 391 107 322 331 254 302 368 149 106 384 186 0 69 191 59 35 125 167 255 44 309 245 169 327 246 335 288 2952 3583 3761 3152 3429 3418 2957 3411 3773 3339 
228 175 412 38 240 272 210 233 286 80 79 325 117 69 0 122 122 56 56 108 175 113 240 176 125 280 177 266 243 3326 3343 3779 3239 3157 3088 3063 3766 3862 2931 
129 176 349 121 232 226 187 98 278 132 161 279 75 191 122 0 244 178 66 160 161 235 118 62 92 277 55 155 275 3752 3390 3296 3872 3717 3735 3674 3266 3540 3121 
348 265 422 152 314 362 313 344 360 193 165 415 231 59 122 244 0 66 178 198 286 77 362 287 228 358 299 380 319 3626 3848 3348 3111 3751 3318 3755 3621 3541 3096 
276 199 356 86 287 296 266 289 333 127 141 349 165 35 56 178 66 0 112 132 220 79 296 232 181 292 233 314 253 3593 3072 3017 3758 3016 2992 3631 3433 3631 3099 
188 182 355 68 238 232 154 177 284 100 95 285 81 125 56 66 178 112 0 128 167 169 179 120 69 283 121 213 281 3318 3097 2931 3347 3024 3689 3150 3128 3010 3356 
150 67 204 70 155 164 282 216 201 28 187 217 85 167 108 160 198 132 128 0 88 211 269 159 197 172 189 182 135 3637 3499 3619 3667 3414 3767 3595 3521 3321 3735 
65 42 182 137 65 85 321 141 111 95 254 138 92 255 175 161 286 220 167 88 0 299 229 104 236 110 149 97 108 3805 3340 2974 3396 3375 3675 3863 3777 3391 3840 
341 278 435 151 366 375 298 346 412 193 103 428 230 44 113 235 77 79 169 211 299 0 353 289 213 371 290 379 332 3200 3578 3017 3032 3094 3258 3142 3482 3575 3371 
184 271 417 239 300 249 168 108 321 241 279 310 184 309 240 118 362 296 179 269 229 353 0 121 162 345 80 189 342 3041 3654 3252 3389 86 2983 2997 3648 2938 3315 
67 146 292 135 175 147 249 57 221 131 215 200 74 245 176 62 287 232 120 159 104 289 121 0 154 220 41 93 218 3399 3857 3868 3787 3106 3492 3639 3698 3068 3278 
221 251 424 137 307 301 95 190 353 169 117 354 150 169 125 92 228 181 69 197 236 213 162 154 0 352 147 247 350 3409 3011 3420 3465 3596 3768 3552 3624 3147 3198 
169 105 116 242 57 118 437 245 72 200 359 169 208 327 280 277 358 292 283 172 110 371 345 220 352 0 265 178 39 3601 3502 3158 3709 3580 3277 3013 3821 3753 3656 
108 191 337 165 220 188 190 43 266 161 216 241 104 246 177 55 299 233 121 189 149 290 80 41 147 265 0 124 263 2946 3594 3746 3675 3311 3359 3043 3412 3088 2928 
45 139 273 228 121 60 314 81 132 189 308 112 158 335 266 155 380 314 213 182 97 379 189 93 247 178 124 0 199 3202 3561 3534 3198 3430 3463 3551 3127 3802 3211 
167 79 77 205 97 185 435 243 111 163 322 238 206 288 243 275 319 253 281 135 108 332 342 218 350 39 263 199 0 3019 3443 3528 3015 3877 3051 3145 3668 3131 3188 
3610 3311 3798 3732 3071 3668 3508 3607 3862 3788 3692 3541 3585 2952 3326 3752 3626 3593 3318 3637 3805 3200 3041 3399 3409 3601 2946 3202 3019 0 120 25 355 45 510 355 355 505 355 
3544 3744 3500 3242 3410 3532 3025 3404 3362 3087 2988 3572 3764 3583 3343 3390 3848 3072 3097 3499 3340 3578 3654 3857 3011 3502 3594 3561 3443 120 0 975 625 115 625 625 955 975 715 
3235 3306 3410 3111 3483 3339 3221 3597 3196 3355 2984 3302 3802 3761 3779 3296 3348 3017 2931 3619 2974 3017 3252 3868 3420 3158 3746 3534 3528 25 975 0 20 735 115 115 580 290 625 
3221 3878 3801 3186 3186 3058 3335 3875 3234 3242 3435 3858 3798 3152 3239 3872 3111 3758 3347 3667 3396 3032 3389 3787 3465 3709 3675 3198 3015 355 625 20 0 65 645 645 255 625 490 
3541 2995 3421 3819 3765 2973 3156 3305 2973 3428 2973 3392 3536 3429 3157 3717 3751 3016 3024 3414 3375 3094 86 3106 3596 3580 3311 3430 3877 45 115 735 65 0 735 65 475 150 40 
3143 3700 3120 3899 3430 3422 3798 3500 3037 3428 3698 3830 2940 3418 3088 3735 3318 2992 3689 3767 3675 3258 2983 3492 3768 3277 3359 3463 3051 510 625 115 645 735 0 645 65 625 220 
3137 3414 3634 3792 3022 3831 3207 3188 3183 3297 3104 2946 3321 2957 3063 3674 3755 3631 3150 3595 3863 3142 2997 3639 3552 3013 3043 3551 3145 355 625 115 645 65 645 0 255 625 340 
3408 3477 3882 3078 3650 3297 3148 3682 3667 3838 3804 2978 3900 3411 3766 3266 3621 3433 3128 3521 3777 3482 3648 3698 3624 3821 3412 3127 3668 355 955 580 255 475 65 255 0 100 225 
3076 3536 3046 3268 3025 3456 74 3556 3601 3231 3499 3728 3422 3773 3862 3540 3541 3631 3010 3321 3391 3575 2938 3068 3147 3753 3088 3802 3131 505 975 290 625 150 625 625 100 0 340 
3863 3458 3698 3273 3049 3800 3608 3694 3624 3249 3195 3562 3489 3339 2931 3121 3096 3099 3356 3735 3840 3371 3315 3278 3198 3656 2928 3211 3188 355 715 625 490 40 220 340 225 340 0 
