0 107 241 190 124 80 316 76 152 157 283 133 113 297 228 129 348 276 188 150 65 341 184 67 221 169 108 45 167 3551 3570 3168 2884 3601 3350 2954 3257 3447 2967 
107 0 148 137 88 127 336 183 134 95 254 180 101 234 175 176 265 199 182 67 42 278 271 146 251 105 191 139 79 58 3420 2867 3742 3207 3696 3141 2940 3376 2926 
241 148 0 374 171 259 509 317 217 232 491 312 280 391 412 349 422 356 355 204 182 435 417 292 424 116 337 273 77 2967 2981 3470 3303 3341 3625 3455 3518 2878 3301 
190 137 374 0 202 234 222 192 248 42 117 287 79 107 38 121 152 86 68 70 137 151 239 135 137 242 165 228 205 3680 3270 3396 3564 3216 3471 3526 2941 3415 3425 
124 88 171 202 0 61 392 202 46 160 319 112 163 322 240 232 314 287 238 155 65 366 300 175 307 57 220 121 97 3427 3674 3449 3243 3441 3515 2895 3575 2986 3735 
80 127 259 234 61 0 386 141 72 167 351 55 157 331 272 226 362 296 232 164 85 375 249 147 301 118 188 60 185 3658 3744 3215 3447 3699 3425 2911 3547 3688 3758 
316 336 509 222 392 386 0 233 438 254 202 439 235 254 210 187 313 266 154 282 321 298 168 249 95 437 190 314 435 3512 3322 3705 3056 3092 3386 3415 3558 3562 3655 
76 183 317 192 202 141 233 0 213 188 272 193 131 302 233 98 344 289 177 216 141 346 108 57 190 245 43 81 243 3245 2887 3123 3751 3737 3367 3519 3331 2952 2973 
152 134 217 248 46 72 438 213 0 206 365 89 209 368 286 278 360 333 284 201 111 412 321 221 353 72 266 132 111 3593 3183 3441 3331 2882 3039 3244 3295 3290 3023 
157 95 232 42 160 167 254 188 206 0 159 220 57 149 80 132 193 127 100 28 95 193 241 131 169 200 161 189 163 3663 3382 3193 2889 3381 3373 3109 3582 3468 3184 
283 254 491 117 319 351 202 272 365 159 0 404 176 106 79 161 165 141 95 187 254 103 279 215 117 359 216 308 322 3700 3582 2890 3031 2920 3452 3466 3634 3545 2942 
133 180 312 287 112 55 439 193 89 220 404 0 210 384 325 279 415 349 285 217 138 428 310 200 354 169 241 112 238 3232 3277 3540 3325 3612 2981 3112 3312 3024 3637 
113 101 280 79 163 157 235 131 209 57 176 210 0 186 117 75 231 165 81 85 92 230 184 74 150 208 104 158 206 3493 2837 3228 3373 3738 3574 2967 3604 3696 3726 
297 234 391 107 322 331 254 302 368 149 106 384 186 0 69 191 59 35 125 167 255 44 309 245 169 327 246 335 288 3019 3290 3655 3215 3220 3647 3475 3735 3518 3392 
228 175 412 38 240 272 210 233 286 80 79 325 117 69 0 122 122 56 56 108 175 113 240 176 125 280 177 266 243 2869 3193 3236 3083 3020 3730 3778 3320 3265 2860 
129 176 349 121 232 226 187 98 278 132 161 279 75 191 122 0 244 178 66 160 161 235 118 62 92 277 55 155 275 3338 3066 3383 2841 3082 3157 3177 2845 3674 3149 
348 265 422 152 314 362 313 344 360 193 165 415 231 59 122 244 0 66 178 198 286 77 362 287 228 358 299 380 319 3297 2944 3587 3077 3746 3374 3489 2866 3333 3341 
276 199 356 86 287 296 266 289 333 127 141 349 165 35 56 178 66 0 112 132 220 79 296 232 181 292 233 314 253 3156 3450 3440 3238 3739 2871 3155 3328 3442 2859 
188 182 355 68 238 232 154 177 284 100 95 285 81 125 56 66 178 112 0 128 167 169 179 120 69 283 121 213 281 3045 3447 3676 3072 3215 3222 3694 3198 3004 2974 
150 67 204 70 155 164 282 216 201 28 187 217 85 167 108 160 198 132 128 0 88 211 269 159 197 172 189 182 135 3607 3060 3560 2985 3019 3752 71 3606 2885 3474 
65 42 182 137 65 85 321 141 111 95 254 138 92 255 175 161 286 220 167 88 0 299 229 104 236 110 149 97 108 3386 3489 2942 3078 3316 3069 3204 3149 3618 3125 
341 278 435 151 366 375 298 346 412 193 103 428 230 44 113 235 77 79 169 211 299 0 353 289 213 371 290 379 332 3328 3228 2973 3102 2866 2887 3727 3564 2925 3167 
184 271 417 239 300 249 168 108 321 241 279 310 184 309 240 118 362 296 179 269 229 353 0 121 162 345 80 189 342 3176 3415 3731 3100 3497 3318 3470 3735 2969 2891 
67 146 292 135 175 147 249 57 221 131 215 200 74 245 176 62 287 232 120 159 104 289 121 0 154 220 41 93 218 3052 3659 3058 3310 3290 3024 2868 3586 3490 3719 
221 251 424 137 307 301 95 190 353 169 117 354 150 169 125 92 228 181 69 197 236 213 162 154 0 352 147 247 350 2968 3418 3315 3160 3129 2841 3268 3562 3641 3480 
169 105 116 242 57 118 437 245 72 200 359 169 208 327 280 277 358 292 283 172 110 371 345 220 352 0 265 178 39 3655 3037 3246 3549 3256 2994 3070 3371 3149 3137 
108 191 337 165 220 188 190 43 266 161 216 241 104 246 177 55 299 233 121 189 149 290 80 41 147 265 0 124 263 3584 3584 2937 2851 2843 3667 3087 2886 3155 3140 
45 139 273 228 121 60 314 81 132 189 308 112 158 335 266 155 380 314 213 182 97 379 189 93 247 178 124 0 199 3462 3546 3360 3197 3739 3098 3720 3161 3303 3246 
167 79 77 205 97 185 435 243 111 163 322 238 206 288 243 275 319 253 281 135 108 332 342 218 350 39 263 199 0 3135 3590 3339 3630 3284 3038 3299 3447 3565 2860 
3551 58 2967 3680 3427 3658 3512 3245 3593 3663 3700 3232 3493 3019 2869 3338 3297 3156 3045 3607 3386 3328 3176 3052 2968 3655 3584 3462 3135 0 10 10 140 200 10 90 140 10 930 
3570 3420 2981 3270 3674 3744 3322 2887 3183 3382 3582 3277 2837 3290 3193 3066 2944 3450 3447 3060 3489 3228 3415 3659 3418 3037 3584 3546 3590 10 0 560 630 755 560 90 500 450 90 
3168 2867 3470 3396 3449 3215 3705 3123 3441 3193 2890 3540 3228 3655 3236 3383 3587 3440 3676 3560 2942 2973 3731 3058 3315 3246 2937 3360 3339 10 560 0 630 85 560 430 540 325 410 
2884 3742 3303 3564 3243 3447 3056 3751 3331 2889 3031 3325 3373 3215 3083 2841 3077 3238 3072 2985 3078 3102 3100 3310 3160 3549 2851 3197 3630 140 630 630 0 85 540 630 235 330 410 
3601 3207 3341 3216 3441 3699 3092 3737 2882 3381 2920 3612 3738 3220 3020 3082 3746 3739 3215 3019 3316 2866 3497 3290 3129 3256 2843 3739 3284 200 755 85 85 0 625 630 765 460 85 
3350 3696 3625 3471 3515 3425 3386 3367 3039 3373 3452 2981 3574 3647 3730 3157 3374 2871 3222 3752 3069 2887 3318 3024 2841 2994 3667 3098 3038 10 560 560 540 625 0 730 945 480 730 
2954 3141 3455 3526 2895 2911 3415 3519 3244 3109 3466 3112 2967 3475 3778 3177 3489 3155 3694 71 3204 3727 3470 2868 3268 3070 3087 3720 3299 90 90 430 630 630 730 0 235 135 430 
3257 2940 3518 2941 3575 3547 3558 3331 3295 3582 3634 3312 3604 3735 3320 2845 2866 3328 3198 3606 3149 3564 3735 3586 3562 3371 2886 3161 3447 140 500 540 235 765 945 235 0 725 235 
3447 3376 2878 3415 2986 3688 3562 2952 3290 3468 3545 3024 3696 3518 3265 3674 3333 3442 3004 2885 3618 2925 2969 3490 3641 3149 3155 3303 3565 10 450 325 330 460 480 135 725 0 355 
2967 2926 3301 3425 3735 3758 3655 2973 3023 3184 2942 3637 3726 3392 2860 3149 3341 2859 2974 3474 3125 3167 2891 3719 3480 3137 3140 3246 2860 930 90 410 410 85 730 430 235 355 0 

0 107 241 190 124 80 316 76 152 157 283 133 113 297 228 129 348 276 188 150 65 341 184 67 221 169 108 45 167 3227 3221 3676 3294 3256 3278 3073 3014 3056 2885 
107 0 148 137 88 127 336 183 134 95 254 180 101 234 175 176 265 199 182 67 42 278 271 146 251 105 191 139 79 12 3350 3376 3620 3602 3602 3457 3617 3094 3049 
241 148 0 374 171 259 509 317 217 232 491 312 280 391 412 349 422 356 355 204 182 435 417 292 424 116 337 273 77 3014 3099 2937 2896 3355 3268 3757 3447 3400 3009 
190 137 374 0 202 234 222 192 248 42 117 287 79 107 38 121 152 86 68 70 137 151 239 135 137 242 165 228 205 2981 3734 3075 3698 3716 3714 3395 3578 3169 3284 
124 88 171 202 0 61 392 202 46 160 319 112 163 322 240 232 314 287 238 155 65 366 300 175 307 57 220 121 97 3442 2907 3421 3032 2889 3488 3427 3262 3709 3201 
80 127 259 234 61 0 386 141 72 167 351 55 157 331 272 226 362 296 232 164 85 375 249 147 301 118 188 60 185 3534 3624 3313 3567 3500 3750 3021 3337 3294 3050 
316 336 509 222 392 386 0 233 438 254 202 439 235 254 210 187 313 266 154 282 321 298 168 249 95 437 190 314 435 3416 3469 2993 3577 3516 3680 3624 3110 3026 3405 
76 183 317 192 202 141 233 0 213 188 272 193 131 302 233 98 344 289 177 216 141 346 108 57 190 245 43 81 243 3162 3137 3565 2931 3665 2975 2927 2854 2929 3141 
152 134 217 248 46 72 438 213 0 206 365 89 209 368 286 278 360 333 284 201 111 412 321 221 353 72 266 132 111 3756 3696 2918 2957 3046 3376 3043 3103 3482 2987 
157 95 232 42 160 167 254 188 206 0 159 220 57 149 80 132 193 127 100 28 95 193 241 131 169 200 161 189 163 3448 3379 3558 3197 3491 3225 3515 3666 3134 3263 
283 254 491 117 319 351 202 272 365 159 0 404 176 106 79 161 165 141 95 187 254 103 279 215 117 359 216 308 322 3485 3465 2897 3325 3392 3177 3240 2851 3611 3743 
133 180 312 287 112 55 439 193 89 220 404 0 210 384 325 279 415 349 285 217 138 428 310 200 354 169 241 112 238 3343 3101 2880 2992 3560 3639 3519 3537 3602 2984 
113 101 280 79 163 157 235 131 209 57 176 210 0 186 117 75 231 165 81 85 92 230 184 74 150 208 104 158 206 3425 3304 2888 3655 3331 2872 2864 3143 3709 3265 
297 234 391 107 322 331 254 302 368 149 106 384 186 0 69 191 59 35 125 167 255 44 309 245 169 327 246 335 288 2967 2898 2990 3504 3550 3628 3328 3539 2955 3041 
228 175 412 38 240 272 210 233 286 80 79 325 117 69 0 122 122 56 56 108 175 113 240 176 125 280 177 266 243 3779 3743 2992 3132 2947 3252 3228 2980 3745 2838 
129 176 349 121 232 226 187 98 278 132 161 279 75 191 122 0 244 178 66 160 161 235 118 62 92 277 55 155 275 3580 3702 3630 3451 3525 2977 2849 3203 3726 3199 
348 265 422 152 314 362 313 344 360 193 165 415 231 59 122 244 0 66 178 198 286 77 362 287 228 358 299 380 319 3418 3127 3283 3361 2990 3498 3657 2894 3180 3498 
276 199 356 86 287 296 266 289 333 127 141 349 165 35 56 178 66 0 112 132 220 79 296 232 181 292 233 314 253 3758 3729 2891 3283 3376 3595 3130 3386 3358 3249 
188 182 355 68 238 232 154 177 284 100 95 285 81 125 56 66 178 112 0 128 167 169 179 120 69 283 121 213 281 3491 3232 3379 3251 3303 3650 3475 3659 2936 3146 
150 67 204 70 155 164 282 216 201 28 187 217 85 167 108 160 198 132 128 0 88 211 269 159 197 172 189 182 135 3460 3502 3344 3060 3572 3175 96 3109 3014 3473 
65 42 182 137 65 85 321 141 111 95 254 138 92 255 175 161 286 220 167 88 0 299 229 104 236 110 149 97 108 2962 2854 3734 3736 3250 3655 2922 3569 2889 3612 
341 278 435 151 366 375 298 346 412 193 103 428 230 44 113 235 77 79 169 211 299 0 353 289 213 371 290 379 332 3531 3057 3099 3231 3239 3722 3376 3111 3659 3462 
184 271 417 239 300 249 168 108 321 241 279 310 184 309 240 118 362 296 179 269 229 353 0 121 162 345 80 189 342 2992 2913 3427 3308 3586 2918 3124 3347 3699 3132 
67 146 292 135 175 147 249 57 221 131 215 200 74 245 176 62 287 232 120 159 104 289 121 0 154 220 41 93 218 3654 3650 3175 3354 3626 2965 3576 3453 2876 3402 
221 251 424 137 307 301 95 190 353 169 117 354 150 169 125 92 228 181 69 197 236 213 162 154 0 352 147 247 350 3561 3382 3621 3666 3481 3155 3110 2964 3581 3203 
169 105 116 242 57 118 437 245 72 200 359 169 208 327 280 277 358 292 283 172 110 371 345 220 352 0 265 178 39 3008 3745 3399 3490 3418 3449 3323 3518 3772 2998 
108 191 337 165 220 188 190 43 266 161 216 241 104 246 177 55 299 233 121 189 149 290 80 41 147 265 0 124 263 2886 3650 3001 3106 3556 3587 3425 3532 3480 3038 
45 139 273 228 121 60 314 81 132 189 308 112 158 335 266 155 380 314 213 182 97 379 189 93 247 178 124 0 199 2838 3532 3777 3640 3010 3008 3478 3290 3193 3684 
167 79 77 205 97 185 435 243 111 163 322 238 206 288 243 275 319 253 281 135 108 332 342 218 350 39 263 199 0 3507 3752 3215 2993 2995 3257 3755 3745 3691 3716 
3227 12 3014 2981 3442 3534 3416 3162 3756 3448 3485 3343 3425 2967 3779 3580 3418 3758 3491 3460 2962 3531 2992 3654 3561 3008 2886 2838 3507 0 88 88 153 160 88 182 153 198 14 
3221 3350 3099 3734 2907 3624 3469 3137 3696 3379 3465 3101 3304 2898 3743 3702 3127 3729 3232 3502 2854 3057 2913 3650 3382 3745 3650 3532 3752 88 0 93 74 49 93 182 100 110 182 
3676 3376 2937 3075 3421 3313 2993 3565 2918 3558 2897 2880 2888 2990 2992 3630 3283 2891 3379 3344 3734 3099 3427 3175 3621 3399 3001 3777 3215 88 93 0 74 183 93 176 92 135 118 
3294 3620 2896 3698 3032 3567 3577 2931 2957 3197 3325 2992 3655 3504 3132 3451 3361 3283 3251 3060 3736 3231 3308 3354 3666 3490 3106 3640 2993 153 74 74 0 183 92 162 172 134 118 
3256 3602 3355 3716 2889 3500 3516 3665 3046 3491 3392 3560 3331 3550 2947 3525 2990 3376 3303 3572 3250 3239 3586 3626 3481 3418 3556 3010 2995 160 49 183 183 0 75 162 47 108 183 
3278 3602 3268 3714 3488 3750 3680 2975 3376 3225 3177 3639 2872 3628 3252 2977 3498 3595 3650 3175 3655 3722 2918 2965 3155 3449 3587 3008 3257 88 93 93 92 75 0 114 11 104 114 
3073 3457 3757 3395 3427 3021 3624 2927 3043 3515 3240 3519 2864 3328 3228 2849 3657 3130 3475 96 2922 3376 3124 3576 3110 3323 3425 3478 3755 182 182 176 162 162 114 0 153 173 176 
3014 3617 3447 3578 3262 3337 3110 2854 3103 3666 2851 3537 3143 3539 2980 3203 2894 3386 3659 3109 3569 3111 3347 3453 2964 3518 3532 3290 3745 153 100 92 172 47 11 153 0 55 172 
3056 3094 3400 3169 3709 3294 3026 2929 3482 3134 3611 3602 3709 2955 3745 3726 3180 3358 2936 3014 2889 3659 3699 2876 3581 3772 3480 3193 3691 198 110 135 134 108 104 173 55 0 129 
2885 3049 3009 3284 3201 3050 3405 3141 2987 3263 3743 2984 3265 3041 2838 3199 3498 3249 3146 3473 3612 3462 3132 3402 3203 2998 3038 3684 3716 14 182 118 118 183 114 176 172 129 0 
