0 107 241 190 124 80 316 76 152 157 283 133 113 297 228 129 348 276 188 150 65 341 184 67 221 169 108 45 167 1612 1906 1902 1943 1584 1840 1929 1692 1768 1638 
107 0 148 137 88 127 336 183 134 95 254 180 101 234 175 176 265 199 182 67 42 278 271 146 251 105 191 139 79 1712 1850 1636 1938 1548 1532 1888 1884 1970 1866 
241 148 0 374 171 259 509 317 217 232 491 312 280 391 412 349 422 356 355 204 182 435 417 292 424 116 337 273 77 2036 1926 1987 1566 1990 1575 1753 1547 2030 1644 
190 137 374 0 202 234 222 192 248 42 117 287 79 107 38 121 152 86 68 70 137 151 239 135 137 242 165 228 205 1935 1681 1999 1629 1579 1700 1620 1621 1912 1574 
124 88 171 202 0 61 392 202 46 160 319 112 163 322 240 232 314 287 238 155 65 366 300 175 307 57 220 121 97 1801 1770 1557 1742 2034 1956 1935 1779 1596 1772 
80 127 259 234 61 0 386 141 72 167 351 55 157 331 272 226 362 296 232 164 85 375 249 147 301 118 188 60 185 1592 1607 1655 1927 1956 2007 1779 1574 1811 1793 
316 336 509 222 392 386 0 233 438 254 202 439 235 254 210 187 313 266 154 282 321 298 168 249 95 437 190 314 435 1664 1579 1609 1608 1605 1798 1545 1689 1708 2002 
76 183 317 192 202 141 233 0 213 188 272 193 131 302 233 98 344 289 177 216 141 346 108 57 190 245 43 81 243 1855 1941 1927 1668 1767 1800 1807 1851 1746 1773 
152 134 217 248 46 72 438 213 0 206 365 89 209 368 286 278 360 333 284 201 111 412 321 221 353 72 266 132 111 1581 1582 1993 1644 1632 1589 1602 1564 1849 1646 
157 95 232 42 160 167 254 188 206 0 159 220 57 149 80 132 193 127 100 28 95 193 241 131 169 200 161 189 163 1615 1754 1845 1816 1645 1931 1635 1749 15 1542 
283 254 491 117 319 351 202 272 365 159 0 404 176 106 79 161 165 141 95 187 254 103 279 215 117 359 216 308 322 1697 1891 1995 1916 1695 1873 1702 1711 1830 1686 
133 180 312 287 112 55 439 193 89 220 404 0 210 384 325 279 415 349 285 217 138 428 310 200 354 169 241 112 238 1849 1770 1633 1652 1972 1979 1585 1679 1581 1966 
113 101 280 79 163 157 235 131 209 57 176 210 0 186 117 75 231 165 81 85 92 230 184 74 150 208 104 158 206 1717 1835 1544 2036 1782 1590 2011 1860 1698 1858 
297 234 391 107 322 331 254 302 368 149 106 384 186 0 69 191 59 35 125 167 255 44 309 245 169 327 246 335 288 1537 2003 1904 2023 1686 1687 1982 1587 1702 1929 
228 175 412 38 240 272 210 233 286 80 79 325 117 69 0 122 122 56 56 108 175 113 240 176 125 280 177 266 243 1617 1622 1913 2005 1673 1770 1549 1653 1762 1558 
129 176 349 121 232 226 187 98 278 132 161 279 75 191 122 0 244 178 66 160 161 235 118 62 92 277 55 155 275 1732 2004 2006 1729 1923 1780 1844 1575 1599 1958 
348 265 422 152 314 362 313 344 360 193 165 415 231 59 122 244 0 66 178 198 286 77 362 287 228 358 299 380 319 2002 1675 1763 1950 1973 1606 1558 1692 1949 1995 
276 199 356 86 287 296 266 289 333 127 141 349 165 35 56 178 66 0 112 132 220 79 296 232 181 292 233 314 253 1858 1802 1907 1926 1780 1629 1807 1963 1961 1705 
188 182 355 68 238 232 154 177 284 100 95 285 81 125 56 66 178 112 0 128 167 169 179 120 69 283 121 213 281 1692 1747 1833 1552 1632 1974 1959 1797 1541 1845 
150 67 204 70 155 164 282 216 201 28 187 217 85 167 108 160 198 132 128 0 88 211 269 159 197 172 189 182 135 1648 101 2030 1558 1697 1987 1680 1986 1568 1999 
65 42 182 137 65 85 321 141 111 95 254 138 92 255 175 161 286 220 167 88 0 299 229 104 236 110 149 97 108 1759 1603 1900 1735 1912 1649 1975 1577 1907 1968 
341 278 435 151 366 375 298 346 412 193 103 428 230 44 113 235 77 79 169 211 299 0 353 289 213 371 290 379 332 1930 1873 1743 1533 1550 1595 1916 1791 1859 1981 
184 271 417 239 300 249 168 108 321 241 279 310 184 309 240 118 362 296 179 269 229 353 0 121 162 345 80 189 342 1803 2023 2033 1953 1967 1997 1978 1640 2015 1995 
67 146 292 135 175 147 249 57 221 131 215 200 74 245 176 62 287 232 120 159 104 289 121 0 154 220 41 93 218 1725 1791 1730 1685 1836 1711 1811 1786 1650 1827 
221 251 424 137 307 301 95 190 353 169 117 354 150 169 125 92 228 181 69 197 236 213 162 154 0 352 147 247 350 1673 1854 1874 1991 1538 1941 1606 1935 1909 1571 
169 105 116 242 57 118 437 245 72 200 359 169 208 327 280 277 358 292 283 172 110 371 345 220 352 0 265 178 39 2008 1944 1532 1581 1945 1682 1864 1986 1698 1985 
108 191 337 165 220 188 190 43 266 161 216 241 104 246 177 55 299 233 121 189 149 290 80 41 147 265 0 124 263 1683 1614 1748 1754 1610 1564 1956 1847 2001 1946 
45 139 273 228 121 60 314 81 132 189 308 112 158 335 266 155 380 314 213 182 97 379 189 93 247 178 124 0 199 1883 1985 1647 1722 1752 1576 2021 1865 1689 1655 
167 79 77 205 97 185 435 243 111 163 322 238 206 288 243 275 319 253 281 135 108 332 342 218 350 39 263 199 0 1885 1562 1665 1592 2021 1845 1555 1902 1814 1811 
1612 1712 2036 1935 1801 1592 1664 1855 1581 1615 1697 1849 1717 1537 1617 1732 2002 1858 1692 1648 1759 1930 1803 1725 1673 2008 1683 1883 1885 0 322 64 320 80 294 298 320 4 298 
1906 1850 1926 1681 1770 1607 1579 1941 1582 1754 1891 1770 1835 2003 1622 2004 1675 1802 1747 101 1603 1873 2023 1791 1854 1944 1614 1985 1562 322 0 64 80 104 92 342 314 302 322 
1902 1636 1987 1999 1557 1655 1609 1927 1993 1845 1995 1633 1544 1904 1913 2006 1763 1907 1833 2030 1900 1743 2033 1730 1874 1532 1748 1647 1665 64 64 0 190 242 130 190 190 132 64 
1943 1938 1566 1629 1742 1927 1608 1668 1644 1816 1916 1652 2036 2023 2005 1729 1950 1926 1552 1558 1735 1533 1953 1685 1991 1581 1754 1722 1592 320 80 190 0 252 384 342 320 190 342 
1584 1548 1990 1579 2034 1956 1605 1767 1632 1645 1695 1972 1782 1686 1673 1923 1973 1780 1632 1697 1912 1550 1967 1836 1538 1945 1610 1752 2021 80 104 242 252 0 384 80 236 198 80 
1840 1532 1575 1700 1956 2007 1798 1800 1589 1931 1873 1979 1590 1687 1770 1780 1606 1629 1974 1987 1649 1595 1997 1711 1941 1682 1564 1576 1845 294 92 130 384 384 0 260 298 82 322 
1929 1888 1753 1620 1935 1779 1545 1807 1602 1635 1702 1585 2011 1982 1549 1844 1558 1807 1959 1680 1975 1916 1978 1811 1606 1864 1956 2021 1555 298 342 190 342 80 260 0 322 42 298 
1692 1884 1547 1621 1779 1574 1689 1851 1564 1749 1711 1679 1860 1587 1653 1575 1692 1963 1797 1986 1577 1791 1640 1786 1935 1986 1847 1865 1902 320 314 190 320 236 298 322 0 16 194 
1768 1970 2030 1912 1596 1811 1708 1746 1849 15 1830 1581 1698 1702 1762 1599 1949 1961 1541 1568 1907 1859 2015 1650 1909 1698 2001 1689 1814 4 302 132 190 198 82 42 16 0 262 
1638 1866 1644 1574 1772 1793 2002 1773 1646 1542 1686 1966 1858 1929 1558 1958 1995 1705 1845 1999 1968 1981 1995 1827 1571 1985 1946 1655 1811 298 322 64 342 80 322 298 194 262 0 

0 107 241 190 124 80 316 76 152 157 283 133 113 297 228 129 348 276 188 150 65 341 184 67 221 169 108 45 167 1802 1617 1859 2007 1903 1690 1566 1542 1871 1972 
107 0 148 137 88 127 336 183 134 95 254 180 101 234 175 176 265 199 182 67 42 278 271 146 251 105 191 139 79 1866 1597 1596 1565 1933 1556 1762 1583 1943 1841 
241 148 0 374 171 259 509 317 217 232 491 312 280 391 412 349 422 356 355 204 182 435 417 292 424 116 337 273 77 1542 1870 1894 1741 1604 1787 1951 1571 1547 1995 
190 137 374 0 202 234 222 192 248 42 117 287 79 107 38 121 152 86 68 70 137 151 239 135 137 242 165 228 205 1579 1901 2029 1856 1630 1910 1858 1844 1653 1953 
124 88 171 202 0 61 392 202 46 160 319 112 163 322 240 232 314 287 238 155 65 366 300 175 307 57 220 121 97 1568 1923 1809 1605 1966 1959 1765 1616 1959 1997 
80 127 259 234 61 0 386 141 72 167 351 55 157 331 272 226 362 296 232 164 85 375 249 147 301 118 188 60 185 1855 2032 1961 1985 1626 1632 1579 1628 1930 1704 
316 336 509 222 392 386 0 233 438 254 202 439 235 254 210 187 313 266 154 282 321 298 168 249 95 437 190 314 435 1805 1822 1622 1529 1977 1947 1956 1911 1534 2021 
76 183 317 192 202 141 233 0 213 188 272 193 131 302 233 98 344 289 177 216 141 346 108 57 190 245 43 81 243 1732 1635 1589 1821 1999 1683 1529 1877 1685 1990 
152 134 217 248 46 72 438 213 0 206 365 89 209 368 286 278 360 333 284 201 111 412 321 221 353 72 266 132 111 1788 1988 1595 1906 1825 1710 1619 1676 1938 2006 
157 95 232 42 160 167 254 188 206 0 159 220 57 149 80 132 193 127 100 28 95 193 241 131 169 200 161 189 163 1625 1715 1565 1536 1745 1711 1834 1912 35 1924 
283 254 491 117 319 351 202 272 365 159 0 404 176 106 79 161 165 141 95 187 254 103 279 215 117 359 216 308 322 1773 1939 1532 1825 1689 1605 2023 1971 1852 1599 
133 180 312 287 112 55 439 193 89 220 404 0 210 384 325 279 415 349 285 217 138 428 310 200 354 169 241 112 238 1935 1735 1642 1913 1621 1692 1669 1895 1696 1794 
113 101 280 79 163 157 235 131 209 57 176 210 0 186 117 75 231 165 81 85 92 230 184 74 150 208 104 158 206 1656 1863 1601 1594 1826 1541 1849 1884 1908 2006 
297 234 391 107 322 331 254 302 368 149 106 384 186 0 69 191 59 35 125 167 255 44 309 245 169 327 246 335 288 1734 1996 1625 1892 1929 1930 1529 1637 1559 1570 
228 175 412 38 240 272 210 233 286 80 79 325 117 69 0 122 122 56 56 108 175 113 240 176 125 280 177 266 243 1915 1601 1619 1634 2026 1665 1912 1988 1895 1534 
129 176 349 121 232 226 187 98 278 132 161 279 75 191 122 0 244 178 66 160 161 235 118 62 92 277 55 155 275 2034 1896 1669 1650 1563 1573 1689 1995 2035 1878 
348 265 422 152 314 362 313 344 360 193 165 415 231 59 122 244 0 66 178 198 286 77 362 287 228 358 299 380 319 1819 1837 1649 1671 1583 1895 1538 1875 1626 1789 
276 199 356 86 287 296 266 289 333 127 141 349 165 35 56 178 66 0 112 132 220 79 296 232 181 292 233 314 253 1686 2006 1586 1969 1957 1737 1774 1815 1751 1732 
188 182 355 68 238 232 154 177 284 100 95 285 81 125 56 66 178 112 0 128 167 169 179 120 69 283 121 213 281 1630 1977 1930 1974 1540 1922 2007 1569 1593 1557 
150 67 204 70 155 164 282 216 201 28 187 217 85 167 108 160 198 132 128 0 88 211 269 159 197 172 189 182 135 1808 26 1545 2020 1799 1948 1843 1978 1848 1889 
65 42 182 137 65 85 321 141 111 95 254 138 92 255 175 161 286 220 167 88 0 299 229 104 236 110 149 97 108 1947 1671 1737 1992 1776 1718 1961 1642 1751 1576 
341 278 435 151 366 375 298 346 412 193 103 428 230 44 113 235 77 79 169 211 299 0 353 289 213 371 290 379 332 1877 1694 1533 1830 1578 1856 1971 2024 1711 1894 
184 271 417 239 300 249 168 108 321 241 279 310 184 309 240 118 362 296 179 269 229 353 0 121 162 345 80 189 342 1562 1532 1726 1937 1963 1961 1535 1630 1724 1909 
67 146 292 135 175 147 249 57 221 131 215 200 74 245 176 62 287 232 120 159 104 289 121 0 154 220 41 93 218 2014 1599 1971 1885 1870 1769 1708 2010 1883 1794 
221 251 424 137 307 301 95 190 353 169 117 354 150 169 125 92 228 181 69 197 236 213 162 154 0 352 147 247 350 1874 1678 1979 1985 1900 1641 2014 1638 1571 1715 
169 105 116 242 57 118 437 245 72 200 359 169 208 327 280 277 358 292 283 172 110 371 345 220 352 0 265 178 39 1616 1661 1861 1848 1876 1888 1995 1693 1915 1872 
108 191 337 165 220 188 190 43 266 161 216 241 104 246 177 55 299 233 121 189 149 290 80 41 147 265 0 124 263 1546 2020 1930 1894 1851 1785 1529 1561 1952 1917 
45 139 273 228 121 60 314 81 132 189 308 112 158 335 266 155 380 314 213 182 97 379 189 93 247 178 124 0 199 1935 1793 1531 1808 1836 1750 1650 1609 1561 1750 
167 79 77 205 97 185 435 243 111 163 322 238 206 288 243 275 319 253 281 135 108 332 342 218 350 39 263 199 0 1990 1710 1986 1906 1560 1818 1957 1938 1988 1852 
1802 1866 1542 1579 1568 1855 1805 1732 1788 1625 1773 1935 1656 1734 1915 2034 1819 1686 1630 1808 1947 1877 1562 2014 1874 1616 1546 1935 1990 0 140 58 80 276 106 102 80 396 102 
1617 1597 1870 1901 1923 2032 1822 1635 1988 1715 1939 1735 1863 1996 1601 1896 1837 2006 1977 26 1671 1694 1532 1599 1678 1661 2020 1793 1710 140 0 58 320 296 308 78 86 98 140 
1859 1596 1894 2029 1809 1961 1622 1589 1595 1565 1532 1642 1601 1625 1619 1669 1649 1586 1930 1545 1737 1533 1726 1971 1979 1861 1930 1531 1986 58 58 0 210 158 270 210 210 268 58 
2007 1565 1741 1856 1605 1985 1529 1821 1906 1536 1825 1913 1594 1892 1634 1650 1671 1969 1974 2020 1992 1830 1937 1885 1985 1848 1894 1808 1906 80 320 210 0 148 16 58 80 210 58 
1903 1933 1604 1630 1966 1626 1977 1999 1825 1745 1689 1621 1826 1929 2026 1563 1583 1957 1540 1799 1776 1578 1963 1870 1900 1876 1851 1836 1560 276 296 158 148 0 16 276 86 202 276 
1690 1556 1787 1910 1959 1632 1947 1683 1710 1711 1605 1692 1541 1930 1665 1573 1895 1737 1922 1948 1718 1856 1961 1769 1641 1888 1785 1750 1818 106 308 270 16 16 0 140 102 318 78 
1566 1762 1951 1858 1765 1579 1956 1529 1619 1834 2023 1669 1849 1529 1912 1689 1538 1774 2007 1843 1961 1971 1535 1708 2014 1995 1529 1650 1957 102 78 210 58 276 140 0 78 358 102 
1542 1583 1571 1844 1616 1628 1911 1877 1676 1912 1971 1895 1884 1637 1988 1995 1875 1815 1569 1978 1642 2024 1630 2010 1638 1693 1561 1609 1938 80 86 210 80 86 102 78 0 384 206 
1871 1943 1547 1653 1959 1930 1534 1685 1938 35 1852 1696 1908 1559 1895 2035 1626 1751 1593 1848 1751 1711 1724 1883 1571 1915 1952 1561 1988 396 98 268 210 202 318 358 384 0 138 
1972 1841 1995 1953 1997 1704 2021 1990 2006 1924 1599 1794 2006 1570 1534 1878 1789 1732 1557 1889 1576 1894 1909 1794 1715 1872 1917 1750 1852 102 140 58 58 276 78 102 206 138 0 
