0 107 241 190 124 80 316 76 152 157 283 133 113 297 228 129 348 276 188 150 65 341 184 67 221 169 108 45 167 1886 1643 1588 1762 1693 1659 1851 1951 1632 1810 
107 0 148 137 88 127 336 183 134 95 254 180 101 234 175 176 265 199 182 67 42 278 271 146 251 105 191 139 79 2021 1767 1732 1663 2020 1618 1693 1764 1968 1803 
241 148 0 374 171 259 509 317 217 232 491 312 280 391 412 349 422 356 355 204 182 435 417 292 424 116 337 273 77 1620 2033 1856 1580 1650 1974 1763 1742 1704 1750 
190 137 374 0 202 234 222 192 248 42 117 287 79 107 38 121 152 86 68 70 137 151 239 135 137 242 165 228 205 1966 1881 1861 1902 1889 1756 1577 1830 142 1984 
124 88 171 202 0 61 392 202 46 160 319 112 163 322 240 232 314 287 238 155 65 366 300 175 307 57 220 121 97 1938 1552 1848 1677 1766 1996 1905 1880 1649 1652 
80 127 259 234 61 0 386 141 72 167 351 55 157 331 272 226 362 296 232 164 85 375 249 147 301 118 188 60 185 1730 1612 1602 1530 1763 1747 1901 1846 1907 1750 
316 336 509 222 392 386 0 233 438 254 202 439 235 254 210 187 313 266 154 282 321 298 168 249 95 437 190 314 435 1982 1847 1697 1955 2011 1661 1570 1923 1745 2011 
76 183 317 192 202 141 233 0 213 188 272 193 131 302 233 98 344 289 177 216 141 346 108 57 190 245 43 81 243 1707 1619 1604 1703 1687 1667 2022 1655 1670 1699 
152 134 217 248 46 72 438 213 0 206 365 89 209 368 286 278 360 333 284 201 111 412 321 221 353 72 266 132 111 1613 1710 1670 1723 1886 1650 1683 1768 1813 1894 
157 95 232 42 160 167 254 188 206 0 159 220 57 149 80 132 193 127 100 28 95 193 241 131 169 200 161 189 163 1911 1642 2033 1861 1768 1707 1765 1532 1807 146 
283 254 491 117 319 351 202 272 365 159 0 404 176 106 79 161 165 141 95 187 254 103 279 215 117 359 216 308 322 1979 1912 1874 1746 1701 2036 1792 1991 1807 1591 
133 180 312 287 112 55 439 193 89 220 404 0 210 384 325 279 415 349 285 217 138 428 310 200 354 169 241 112 238 1618 1634 1968 1890 1826 2016 1914 1887 1713 1637 
113 101 280 79 163 157 235 131 209 57 176 210 0 186 117 75 231 165 81 85 92 230 184 74 150 208 104 158 206 1653 1577 1630 1902 1960 2011 1594 1971 2015 1587 
297 234 391 107 322 331 254 302 368 149 106 384 186 0 69 191 59 35 125 167 255 44 309 245 169 327 246 335 288 1921 1885 1530 1554 1607 1607 1724 1579 1894 1724 
228 175 412 38 240 272 210 233 286 80 79 325 117 69 0 122 122 56 56 108 175 113 240 176 125 280 177 266 243 2017 1934 1963 1682 1693 1651 1798 1739 1895 1688 
129 176 349 121 232 226 187 98 278 132 161 279 75 191 122 0 244 178 66 160 161 235 118 62 92 277 55 155 275 1571 1924 1965 1709 1971 1934 1548 1853 1585 1817 
348 265 422 152 314 362 313 344 360 193 165 415 231 59 122 244 0 66 178 198 286 77 362 287 228 358 299 380 319 1593 1624 1613 1764 1682 1642 1961 1546 2027 1961 
276 199 356 86 287 296 266 289 333 127 141 349 165 35 56 178 66 0 112 132 220 79 296 232 181 292 233 314 253 1721 2003 1903 1920 1682 1618 1611 1753 1579 1594 
188 182 355 68 238 232 154 177 284 100 95 285 81 125 56 66 178 112 0 128 167 169 179 120 69 283 121 213 281 1951 1668 2023 1870 1857 1606 1984 1965 1546 1547 
150 67 204 70 155 164 282 216 201 28 187 217 85 167 108 160 198 132 128 0 88 211 269 159 197 172 189 182 135 1748 1619 1800 1609 1980 1682 1607 1585 1862 1854 
65 42 182 137 65 85 321 141 111 95 254 138 92 255 175 161 286 220 167 88 0 299 229 104 236 110 149 97 108 1630 1693 1633 1927 1624 1951 1941 1533 1549 1614 
341 278 435 151 366 375 298 346 412 193 103 428 230 44 113 235 77 79 169 211 299 0 353 289 213 371 290 379 332 1955 1834 1910 1779 1597 1915 1754 1992 1604 1634 
184 271 417 239 300 249 168 108 321 241 279 310 184 309 240 118 362 296 179 269 229 353 0 121 162 345 80 189 342 1983 1927 1812 1800 2013 1700 1633 1939 1746 1994 
67 146 292 135 175 147 249 57 221 131 215 200 74 245 176 62 287 232 120 159 104 289 121 0 154 220 41 93 218 1693 1957 2016 1594 1626 1695 1627 1639 1809 1858 
221 251 424 137 307 301 95 190 353 169 117 354 150 169 125 92 228 181 69 197 236 213 162 154 0 352 147 247 350 1788 1612 1723 1641 1622 2028 1875 1785 1668 2008 
169 105 116 242 57 118 437 245 72 200 359 169 208 327 280 277 358 292 283 172 110 371 345 220 352 0 265 178 39 1700 1903 1639 2031 1792 1638 1986 1860 1987 1608 
108 191 337 165 220 188 190 43 266 161 216 241 104 246 177 55 299 233 121 189 149 290 80 41 147 265 0 124 263 1604 1908 1805 1729 1841 1813 1940 1973 2026 1632 
45 139 273 228 121 60 314 81 132 189 308 112 158 335 266 155 380 314 213 182 97 379 189 93 247 178 124 0 199 1932 1911 1646 1581 1542 1985 1557 1599 1884 1857 
167 79 77 205 97 185 435 243 111 163 322 238 206 288 243 275 319 253 281 135 108 332 342 218 350 39 263 199 0 1975 1732 1691 1912 1743 1592 1671 2029 2029 1645 
1886 2021 1620 1966 1938 1730 1982 1707 1613 1911 1979 1618 1653 1921 2017 1571 1593 1721 1951 1748 1630 1955 1983 1693 1788 1700 1604 1932 1975 0 338 114 232 106 106 10 106 202 92 
1643 1767 2033 1881 1552 1612 1847 1619 1710 1642 1912 1634 1577 1885 1934 1924 1624 2003 1668 1619 1693 1834 1927 1957 1612 1903 1908 1911 1732 338 0 346 346 214 338 86 186 164 366 
1588 1732 1856 1861 1848 1602 1697 1604 1670 2033 1874 1968 1630 1530 1963 1965 1613 1903 2023 1800 1633 1910 1812 2016 1723 1639 1805 1646 1691 114 346 0 346 368 164 10 164 6 338 
1762 1663 1580 1902 1677 1530 1955 1703 1723 1861 1746 1890 1902 1554 1682 1709 1764 1920 1870 1609 1927 1779 1800 1594 1641 2031 1729 1581 1912 232 346 346 0 346 162 338 346 288 338 
1693 2020 1650 1889 1766 1763 2011 1687 1886 1768 1701 1826 1960 1607 1693 1971 1682 1682 1857 1980 1624 1597 2013 1626 1622 1792 1841 1542 1743 106 214 368 346 0 316 106 316 314 34 
1659 1618 1974 1756 1996 1747 1661 1667 1650 1707 2036 2016 2011 1607 1651 1934 1642 1618 1606 1682 1951 1915 1700 1695 2028 1638 1813 1985 1592 106 338 164 162 316 0 10 316 10 162 
1851 1693 1763 1577 1905 1901 1570 2022 1683 1765 1792 1914 1594 1724 1798 1548 1961 1611 1984 1607 1941 1754 1633 1627 1875 1986 1940 1557 1671 10 86 10 338 106 10 0 90 330 338 
1951 1764 1742 1830 1880 1846 1923 1655 1768 1532 1991 1887 1971 1579 1739 1853 1546 1753 1965 1585 1533 1992 1939 1639 1785 1860 1973 1599 2029 106 186 164 346 316 316 90 0 114 162 
1632 1968 1704 142 1649 1907 1745 1670 1813 1807 1807 1713 2015 1894 1895 1585 2027 1579 1546 1862 1549 1604 1746 1809 1668 1987 2026 1884 2029 202 164 6 288 314 10 330 114 0 392 
1810 1803 1750 1984 1652 1750 2011 1699 1894 146 1591 1637 1587 1724 1688 1817 1961 1594 1547 1854 1614 1634 1994 1858 2008 1608 1632 1857 1645 92 366 338 338 34 162 338 162 392 0 

0 107 241 190 124 80 316 76 152 157 283 133 113 297 228 129 348 276 188 150 65 341 184 67 221 169 108 45 167 1780 1887 1667 1579 1773 1623 2030 1834 1664 1548 
107 0 148 137 88 127 336 183 134 95 254 180 101 234 175 176 265 199 182 67 42 278 271 146 251 105 191 139 79 1635 1889 1659 1688 1825 1553 1699 1810 1644 1794 
241 148 0 374 171 259 509 317 217 232 491 312 280 391 412 349 422 356 355 204 182 435 417 292 424 116 337 273 77 1623 1969 1814 1845 1805 1954 1607 1874 1610 1628 
190 137 374 0 202 234 222 192 248 42 117 287 79 107 38 121 152 86 68 70 137 151 239 135 137 242 165 228 205 1670 1700 1754 1787 1766 1805 1536 1912 115 1806 
124 88 171 202 0 61 392 202 46 160 319 112 163 322 240 232 314 287 238 155 65 366 300 175 307 57 220 121 97 1766 1809 1827 1650 1733 1544 1863 1551 1976 1949 
80 127 259 234 61 0 386 141 72 167 351 55 157 331 272 226 362 296 232 164 85 375 249 147 301 118 188 60 185 1721 1785 1706 1658 1851 1993 1996 1579 1575 2027 
316 336 509 222 392 386 0 233 438 254 202 439 235 254 210 187 313 266 154 282 321 298 168 249 95 437 190 314 435 1785 1779 1530 1768 1826 1563 1865 1629 1860 1892 
76 183 317 192 202 141 233 0 213 188 272 193 131 302 233 98 344 289 177 216 141 346 108 57 190 245 43 81 243 1742 1689 1618 1898 1799 1793 1559 1639 1948 1641 
152 134 217 248 46 72 438 213 0 206 365 89 209 368 286 278 360 333 284 201 111 412 321 221 353 72 266 132 111 1687 1693 1679 1967 1907 1593 1952 1632 1912 1899 
157 95 232 42 160 167 254 188 206 0 159 220 57 149 80 132 193 127 100 28 95 193 241 131 169 200 161 189 163 1757 2000 1920 1904 1796 2002 1808 1684 1663 21 
283 254 491 117 319 351 202 272 365 159 0 404 176 106 79 161 165 141 95 187 254 103 279 215 117 359 216 308 322 1973 1881 1793 1893 1580 1888 1573 1766 1546 1758 
133 180 312 287 112 55 439 193 89 220 404 0 210 384 325 279 415 349 285 217 138 428 310 200 354 169 241 112 238 1725 1707 1879 1544 1810 1995 1650 1613 1573 1651 
113 101 280 79 163 157 235 131 209 57 176 210 0 186 117 75 231 165 81 85 92 230 184 74 150 208 104 158 206 1840 1573 1909 1761 1624 1539 1861 2012 1807 1934 
297 234 391 107 322 331 254 302 368 149 106 384 186 0 69 191 59 35 125 167 255 44 309 245 169 327 246 335 288 1922 1922 1941 2006 1898 1561 1761 1668 1712 1576 
228 175 412 38 240 272 210 233 286 80 79 325 117 69 0 122 122 56 56 108 175 113 240 176 125 280 177 266 243 1851 1862 1980 1893 1673 1952 1743 1948 1832 1610 
129 176 349 121 232 226 187 98 278 132 161 279 75 191 122 0 244 178 66 160 161 235 118 62 92 277 55 155 275 1609 1545 1608 1530 1531 1668 1645 1643 1572 1966 
348 265 422 152 314 362 313 344 360 193 165 415 231 59 122 244 0 66 178 198 286 77 362 287 228 358 299 380 319 1899 1615 1935 1969 1663 2006 1818 1792 1871 1613 
276 199 356 86 287 296 266 289 333 127 141 349 165 35 56 178 66 0 112 132 220 79 296 232 181 292 233 314 253 1569 2025 1807 1893 1668 1870 1675 1830 1904 1925 
188 182 355 68 238 232 154 177 284 100 95 285 81 125 56 66 178 112 0 128 167 169 179 120 69 283 121 213 281 2024 2033 1901 1909 2013 1609 1643 1972 1717 1648 
150 67 204 70 155 164 282 216 201 28 187 217 85 167 108 160 198 132 128 0 88 211 269 159 197 172 189 182 135 2030 1915 1836 1913 1958 1695 1573 1951 1896 1763 
65 42 182 137 65 85 321 141 111 95 254 138 92 255 175 161 286 220 167 88 0 299 229 104 236 110 149 97 108 1577 1659 1749 1716 1893 2029 1808 1586 1563 1867 
341 278 435 151 366 375 298 346 412 193 103 428 230 44 113 235 77 79 169 211 299 0 353 289 213 371 290 379 332 1890 2010 1675 1687 2013 1561 1932 1962 1897 2024 
184 271 417 239 300 249 168 108 321 241 279 310 184 309 240 118 362 296 179 269 229 353 0 121 162 345 80 189 342 1546 1849 1982 1877 1900 1686 1822 1848 1711 1606 
67 146 292 135 175 147 249 57 221 131 215 200 74 245 176 62 287 232 120 159 104 289 121 0 154 220 41 93 218 1631 1765 1535 1993 1751 1913 1894 1849 1583 2001 
221 251 424 137 307 301 95 190 353 169 117 354 150 169 125 92 228 181 69 197 236 213 162 154 0 352 147 247 350 1762 1878 1818 1798 1704 1737 1590 1912 1623 1944 
169 105 116 242 57 118 437 245 72 200 359 169 208 327 280 277 358 292 283 172 110 371 345 220 352 0 265 178 39 1973 1600 1665 2006 1975 1997 1590 1783 1934 1566 
108 191 337 165 220 188 190 43 266 161 216 241 104 246 177 55 299 233 121 189 149 290 80 41 147 265 0 124 263 1883 1722 1686 2010 1944 1673 1607 1667 1849 1800 
45 139 273 228 121 60 314 81 132 189 308 112 158 335 266 155 380 314 213 182 97 379 189 93 247 178 124 0 199 1858 1553 1548 1726 1674 1833 1884 1853 1933 2010 
167 79 77 205 97 185 435 243 111 163 322 238 206 288 243 275 319 253 281 135 108 332 342 218 350 39 263 199 0 1904 1721 1633 2012 1975 1905 1718 1896 1840 1647 
1780 1635 1623 1670 1766 1721 1785 1742 1687 1757 1973 1725 1840 1922 1851 1609 1899 1569 2024 2030 1577 1890 1546 1631 1762 1973 1883 1858 1904 0 334 390 168 294 294 62 294 198 308 
1887 1889 1969 1700 1809 1785 1779 1689 1693 2000 1881 1707 1573 1922 1862 1545 1615 2025 2033 1915 1659 2010 1849 1765 1878 1600 1722 1553 1721 334 0 54 54 186 334 314 214 236 232 
1667 1659 1814 1754 1827 1706 1530 1618 1679 1920 1793 1879 1909 1941 1980 1608 1935 1807 1901 1836 1749 1675 1982 1535 1818 1665 1686 1548 1633 390 54 0 54 32 366 62 366 394 62 
1579 1688 1845 1787 1650 1658 1768 1898 1967 1904 1893 1544 1761 2006 1893 1530 1969 1893 1909 1913 1716 1687 1877 1993 1798 2006 2010 1726 2012 168 54 54 0 54 238 62 54 112 62 
1773 1825 1805 1766 1733 1851 1826 1799 1907 1796 1580 1810 1624 1898 1673 1531 1663 1668 2013 1958 1893 2013 1900 1751 1704 1975 1944 1674 1975 294 186 32 54 0 84 84 84 86 308 
1623 1553 1954 1805 1544 1993 1563 1793 1593 2002 1888 1995 1539 1561 1952 1668 2006 1870 1609 1695 2029 1561 1686 1913 1737 1997 1673 1833 1905 294 334 366 238 84 0 62 84 390 236 
2030 1699 1607 1536 1863 1996 1865 1559 1952 1808 1573 1650 1861 1761 1743 1645 1818 1675 1643 1573 1808 1932 1822 1894 1590 1590 1607 1884 1718 62 314 62 62 84 62 0 310 70 62 
1834 1810 1874 1912 1551 1579 1629 1639 1632 1684 1766 1613 2012 1668 1948 1643 1792 1830 1972 1951 1586 1962 1848 1849 1912 1783 1667 1853 1896 294 214 366 54 84 84 310 0 286 236 
1664 1644 1610 115 1976 1575 1860 1948 1912 1663 1546 1573 1807 1712 1832 1572 1871 1904 1717 1896 1563 1897 1711 1583 1623 1934 1849 1933 1840 198 236 394 112 86 390 70 286 0 8 
1548 1794 1628 1806 1949 2027 1892 1641 1899 21 1758 1651 1934 1576 1610 1966 1613 1925 1648 1763 1867 2024 1606 2001 1944 1566 1800 2010 1647 308 232 62 62 308 236 62 236 8 0 
