0 107 241 190 124 80 316 76 152 157 283 133 113 297 228 129 348 276 188 150 65 341 184 67 221 169 108 45 167 2024 1912 1557 2027 1945 1960 1811 1973 1714 1706 
107 0 148 137 88 127 336 183 134 95 254 180 101 234 175 176 265 199 182 67 42 278 271 146 251 105 191 139 79 1684 1752 1938 1627 1770 1759 1934 1608 1812 1766 
241 148 0 374 171 259 509 317 217 232 491 312 280 391 412 349 422 356 355 204 182 435 417 292 424 116 337 273 77 1555 1623 2029 1683 1992 1869 1597 1749 1651 1621 
190 137 374 0 202 234 222 192 248 42 117 287 79 107 38 121 152 86 68 70 137 151 239 135 137 242 165 228 205 1833 1664 1639 1720 1793 1850 1759 1968 1843 1610 
124 88 171 202 0 61 392 202 46 160 319 112 163 322 240 232 314 287 238 155 65 366 300 175 307 57 220 121 97 1726 1976 1883 1674 1729 1898 1828 1825 1930 1833 
80 127 259 234 61 0 386 141 72 167 351 55 157 331 272 226 362 296 232 164 85 375 249 147 301 118 188 60 185 1768 1913 1853 1571 1927 1720 1911 1936 1581 1535 
316 336 509 222 392 386 0 233 438 254 202 439 235 254 210 187 313 266 154 282 321 298 168 249 95 437 190 314 435 1645 1851 1615 1879 1625 1991 1874 1911 1696 1557 
76 183 317 192 202 141 233 0 213 188 272 193 131 302 233 98 344 289 177 216 141 346 108 57 190 245 43 81 243 1905 1813 2008 1610 1941 1759 1990 1591 1668 1707 
152 134 217 248 46 72 438 213 0 206 365 89 209 368 286 278 360 333 284 201 111 412 321 221 353 72 266 132 111 1972 2018 1575 1787 1629 1871 1547 1697 1568 1731 
157 95 232 42 160 167 254 188 206 0 159 220 57 149 80 132 193 127 100 28 95 193 241 131 169 200 161 189 163 2028 1573 1733 1953 1742 1609 1816 1886 1652 1947 
283 254 491 117 319 351 202 272 365 159 0 404 176 106 79 161 165 141 95 187 254 103 279 215 117 359 216 308 322 61 1764 1900 1900 1670 1967 1621 1804 1572 1872 
133 180 312 287 112 55 439 193 89 220 404 0 210 384 325 279 415 349 285 217 138 428 310 200 354 169 241 112 238 1947 1689 1578 1999 1654 1733 1852 1883 1924 1732 
113 101 280 79 163 157 235 131 209 57 176 210 0 186 117 75 231 165 81 85 92 230 184 74 150 208 104 158 206 1641 1837 1818 1627 1656 1564 1598 1668 1962 1810 
297 234 391 107 322 331 254 302 368 149 106 384 186 0 69 191 59 35 125 167 255 44 309 245 169 327 246 335 288 1957 1925 1581 1950 1908 1603 1859 1796 1948 1614 
228 175 412 38 240 272 210 233 286 80 79 325 117 69 0 122 122 56 56 108 175 113 240 176 125 280 177 266 243 1838 1984 1756 1958 1701 1785 1964 2028 1779 1622 
129 176 349 121 232 226 187 98 278 132 161 279 75 191 122 0 244 178 66 160 161 235 118 62 92 277 55 155 275 1874 1865 1822 1660 1909 1606 1950 1575 2031 2024 
348 265 422 152 314 362 313 344 360 193 165 415 231 59 122 244 0 66 178 198 286 77 362 287 228 358 299 380 319 1736 1654 1844 1650 1830 1894 1996 1787 1569 1606 
276 199 356 86 287 296 266 289 333 127 141 349 165 35 56 178 66 0 112 132 220 79 296 232 181 292 233 314 253 1783 1617 1720 1749 1717 1873 1777 1926 1719 1595 
188 182 355 68 238 232 154 177 284 100 95 285 81 125 56 66 178 112 0 128 167 169 179 120 69 283 121 213 281 1989 2010 2030 1544 1530 1662 1761 120 1865 1766 
150 67 204 70 155 164 282 216 201 28 187 217 85 167 108 160 198 132 128 0 88 211 269 159 197 172 189 182 135 1877 1952 1878 1806 1733 1625 1860 1847 1943 2016 
65 42 182 137 65 85 321 141 111 95 254 138 92 255 175 161 286 220 167 88 0 299 229 104 236 110 149 97 108 1884 1792 1880 1629 2033 1695 1959 1761 2001 1622 
341 278 435 151 366 375 298 346 412 193 103 428 230 44 113 235 77 79 169 211 299 0 353 289 213 371 290 379 332 1931 1958 1583 1805 1765 2035 1668 1551 1778 1640 
184 271 417 239 300 249 168 108 321 241 279 310 184 309 240 118 362 296 179 269 229 353 0 121 162 345 80 189 342 1537 1781 1697 1974 1882 1980 1588 1706 1780 1897 
67 146 292 135 175 147 249 57 221 131 215 200 74 245 176 62 287 232 120 159 104 289 121 0 154 220 41 93 218 1744 1832 1866 1583 1716 1618 1981 1773 1536 1718 
221 251 424 137 307 301 95 190 353 169 117 354 150 169 125 92 228 181 69 197 236 213 162 154 0 352 147 247 350 1807 2012 1793 1544 1978 1553 1711 1948 1889 1805 
169 105 116 242 57 118 437 245 72 200 359 169 208 327 280 277 358 292 283 172 110 371 345 220 352 0 265 178 39 1998 1741 2014 1589 1629 1708 1776 1968 2004 1772 
108 191 337 165 220 188 190 43 266 161 216 241 104 246 177 55 299 233 121 189 149 290 80 41 147 265 0 124 263 1850 1984 1699 1790 1736 1877 1901 1599 1894 1693 
45 139 273 228 121 60 314 81 132 189 308 112 158 335 266 155 380 314 213 182 97 379 189 93 247 178 124 0 199 1867 1920 1773 2005 1578 1614 2014 1674 1774 1694 
167 79 77 205 97 185 435 243 111 163 322 238 206 288 243 275 319 253 281 135 108 332 342 218 350 39 263 199 0 1763 1568 1637 1810 1709 1946 1615 1906 2030 1971 
2024 1684 1555 1833 1726 1768 1645 1905 1972 2028 61 1947 1641 1957 1838 1874 1736 1783 1989 1877 1884 1931 1537 1744 1807 1998 1850 1867 1763 0 115 113 50 183 194 115 66 17 172 
1912 1752 1623 1664 1976 1913 1851 1813 2018 1573 1764 1689 1837 1925 1984 1865 1654 1617 2010 1952 1792 1958 1781 1832 2012 1741 1984 1920 1568 115 0 73 127 180 194 115 115 17 131 
1557 1938 2029 1639 1883 1853 1615 2008 1575 1733 1900 1578 1818 1581 1756 1822 1844 1720 2030 1878 1880 1583 1697 1866 1793 2014 1699 1773 1637 113 73 0 189 68 158 73 73 68 158 
2027 1627 1683 1720 1674 1571 1879 1610 1787 1953 1900 1999 1627 1950 1958 1660 1650 1749 1544 1806 1629 1805 1974 1583 1544 1589 1790 2005 1810 50 127 189 0 189 141 59 189 24 68 
1945 1770 1992 1793 1729 1927 1625 1941 1629 1742 1670 1654 1656 1908 1701 1909 1830 1717 1530 1733 2033 1765 1882 1716 1978 1629 1736 1578 1709 183 180 68 189 0 131 49 180 153 190 
1960 1759 1869 1850 1898 1720 1991 1759 1871 1609 1967 1733 1564 1603 1785 1606 1894 1873 1662 1625 1695 2035 1980 1618 1553 1708 1877 1614 1946 194 194 158 141 131 0 166 186 180 158 
1811 1934 1597 1759 1828 1911 1874 1990 1547 1816 1621 1852 1598 1859 1964 1950 1996 1777 1761 1860 1959 1668 1588 1981 1711 1776 1901 2014 1615 115 115 73 59 49 166 0 115 17 189 
1973 1608 1749 1968 1825 1936 1911 1591 1697 1886 1804 1883 1668 1796 2028 1575 1787 1926 120 1847 1761 1551 1706 1773 1948 1968 1599 1674 1906 66 115 73 189 180 186 115 0 153 131 
1714 1812 1651 1843 1930 1581 1696 1668 1568 1652 1572 1924 1962 1948 1779 2031 1569 1719 1865 1943 2001 1778 1780 1536 1889 2004 1894 1774 2030 17 17 68 24 153 180 17 153 0 17 
1706 1766 1621 1610 1833 1535 1557 1707 1731 1947 1872 1732 1810 1614 1622 2024 1606 1595 1766 2016 1622 1640 1897 1718 1805 1772 1693 1694 1971 172 131 158 68 190 158 189 131 17 0 

0 107 241 190 124 80 316 76 152 157 283 133 113 297 228 129 348 276 188 150 65 341 184 67 221 169 108 45 167 1560 1682 1775 1834 1741 1600 2017 1675 1771 1721 
107 0 148 137 88 127 336 183 134 95 254 180 101 234 175 176 265 199 182 67 42 278 271 146 251 105 191 139 79 1563 1813 1789 1741 1703 1568 1637 1713 1685 1794 
241 148 0 374 171 259 509 317 217 232 491 312 280 391 412 349 422 356 355 204 182 435 417 292 424 116 337 273 77 1586 1839 1966 1624 1661 1669 1570 1691 1997 1784 
190 137 374 0 202 234 222 192 248 42 117 287 79 107 38 121 152 86 68 70 137 151 239 135 137 242 165 228 205 1755 1697 1645 1924 1599 1917 1855 1614 1819 1928 
124 88 171 202 0 61 392 202 46 160 319 112 163 322 240 232 314 287 238 155 65 366 300 175 307 57 220 121 97 1963 1809 2036 1889 1884 1539 1752 1676 1572 1763 
80 127 259 234 61 0 386 141 72 167 351 55 157 331 272 226 362 296 232 164 85 375 249 147 301 118 188 60 185 1976 1555 1930 2009 1644 1965 1703 1832 1903 2003 
316 336 509 222 392 386 0 233 438 254 202 439 235 254 210 187 313 266 154 282 321 298 168 249 95 437 190 314 435 1859 1846 2024 1668 1790 1943 1961 1864 1769 1655 
76 183 317 192 202 141 233 0 213 188 272 193 131 302 233 98 344 289 177 216 141 346 108 57 190 245 43 81 243 1571 2015 1716 1574 1874 1820 1988 1575 1792 1843 
152 134 217 248 46 72 438 213 0 206 365 89 209 368 286 278 360 333 284 201 111 412 321 221 353 72 266 132 111 1534 1957 1979 1996 1894 1874 1940 1551 1841 2017 
157 95 232 42 160 167 254 188 206 0 159 220 57 149 80 132 193 127 100 28 95 193 241 131 169 200 161 189 163 1697 1916 1530 1679 1604 1836 1619 1638 1725 1948 
283 254 491 117 319 351 202 272 365 159 0 404 176 106 79 161 165 141 95 187 254 103 279 215 117 359 216 308 322 61 1589 1798 1664 1854 1774 1908 1753 1828 1919 
133 180 312 287 112 55 439 193 89 220 404 0 210 384 325 279 415 349 285 217 138 428 310 200 354 169 241 112 238 1783 1904 1633 1793 1741 1639 1669 1684 1945 1843 
113 101 280 79 163 157 235 131 209 57 176 210 0 186 117 75 231 165 81 85 92 230 184 74 150 208 104 158 206 1657 1803 1642 1791 1834 1850 1758 1654 1828 1632 
297 234 391 107 322 331 254 302 368 149 106 384 186 0 69 191 59 35 125 167 255 44 309 245 169 327 246 335 288 1836 1614 1800 1801 1602 2000 1980 1735 1676 1765 
228 175 412 38 240 272 210 233 286 80 79 325 117 69 0 122 122 56 56 108 175 113 240 176 125 280 177 266 243 1540 1584 1610 1833 1675 1773 1684 1799 1897 1979 
129 176 349 121 232 226 187 98 278 132 161 279 75 191 122 0 244 178 66 160 161 235 118 62 92 277 55 155 275 1590 1940 1818 1976 1656 1805 1646 1643 1551 1733 
348 265 422 152 314 362 313 344 360 193 165 415 231 59 122 244 0 66 178 198 286 77 362 287 228 358 299 380 319 1904 1652 1978 1698 1566 1721 1847 1874 1561 1822 
276 199 356 86 287 296 266 289 333 127 141 349 165 35 56 178 66 0 112 132 220 79 296 232 181 292 233 314 253 1611 1615 1683 1979 1567 2013 1595 1705 1618 1760 
188 182 355 68 238 232 154 177 284 100 95 285 81 125 56 66 178 112 0 128 167 169 179 120 69 283 121 213 281 1724 2013 1781 1962 1913 1977 1707 116 1846 1573 
150 67 204 70 155 164 282 216 201 28 187 217 85 167 108 160 198 132 128 0 88 211 269 159 197 172 189 182 135 1614 1802 1905 1820 1706 1926 1769 1530 1822 2014 
65 42 182 137 65 85 321 141 111 95 254 138 92 255 175 161 286 220 167 88 0 299 229 104 236 110 149 97 108 1927 2004 1897 1749 1714 1976 1835 1631 1537 2031 
341 278 435 151 366 375 298 346 412 193 103 428 230 44 113 235 77 79 169 211 299 0 353 289 213 371 290 379 332 1635 2003 1606 1961 1785 1625 1720 1588 1684 1545 
184 271 417 239 300 249 168 108 321 241 279 310 184 309 240 118 362 296 179 269 229 353 0 121 162 345 80 189 342 1695 1926 1935 1690 1998 1833 1599 1566 1562 1906 
67 146 292 135 175 147 249 57 221 131 215 200 74 245 176 62 287 232 120 159 104 289 121 0 154 220 41 93 218 1756 1677 1584 1651 1581 1656 1903 1834 1639 1884 
221 251 424 137 307 301 95 190 353 169 117 354 150 169 125 92 228 181 69 197 236 213 162 154 0 352 147 247 350 2009 1871 1616 1547 1647 1606 1903 1865 1672 1892 
169 105 116 242 57 118 437 245 72 200 359 169 208 327 280 277 358 292 283 172 110 371 345 220 352 0 265 178 39 1835 1557 1715 1868 1660 1722 1896 1790 1888 1713 
108 191 337 165 220 188 190 43 266 161 216 241 104 246 177 55 299 233 121 189 149 290 80 41 147 265 0 124 263 1849 1895 1958 1929 1967 1779 1574 1880 1968 1782 
45 139 273 228 121 60 314 81 132 189 308 112 158 335 266 155 380 314 213 182 97 379 189 93 247 178 124 0 199 1573 1939 1710 1635 1814 1904 1643 1653 1631 1605 
167 79 77 205 97 185 435 243 111 163 322 238 206 288 243 275 319 253 281 135 108 332 342 218 350 39 263 199 0 1862 1707 1974 1978 2029 1966 1685 1958 1608 1920 
1560 1563 1586 1755 1963 1976 1859 1571 1534 1697 61 1783 1657 1836 1540 1590 1904 1611 1724 1614 1927 1635 1695 1756 2009 1835 1849 1573 1862 0 366 174 300 34 236 366 268 170 56 
1682 1813 1839 1697 1809 1555 1846 2015 1957 1916 1589 1904 1803 1614 1584 1940 1652 1615 2013 1802 2004 2003 1926 1677 1871 1557 1895 1939 1707 366 0 254 146 174 236 170 170 170 180 
1775 1789 1966 1645 2036 1930 2024 1716 1979 1530 1798 1633 1642 1800 1610 1818 1978 1683 1781 1905 1897 1606 1935 1584 1616 1715 1958 1710 1974 174 254 0 22 264 84 254 254 264 84 
1834 1741 1624 1924 1889 2009 1668 1574 1996 1679 1664 1793 1791 1801 1833 1976 1698 1979 1962 1820 1749 1961 1690 1651 1547 1868 1929 1635 1978 300 146 22 0 94 118 282 94 352 264 
1741 1703 1661 1599 1884 1644 1790 1874 1894 1604 1854 1741 1834 1602 1675 1656 1566 1567 1913 1706 1714 1785 1998 1581 1647 1660 1967 1814 2029 34 174 264 94 0 138 302 174 236 20 
1600 1568 1669 1917 1539 1965 1943 1820 1874 1836 1774 1639 1850 2000 1773 1805 1721 2013 1977 1926 1976 1625 1833 1656 1606 1722 1779 1904 1966 236 236 84 118 138 0 68 28 40 84 
2017 1637 1570 1855 1752 1703 1961 1988 1940 1619 1908 1669 1758 1980 1684 1646 1847 1595 1707 1769 1835 1720 1599 1903 1903 1896 1574 1643 1685 366 170 254 282 302 68 0 170 170 240 
1675 1713 1691 1614 1676 1832 1864 1575 1551 1638 1753 1684 1654 1735 1799 1643 1874 1705 116 1530 1631 1588 1566 1834 1865 1790 1880 1653 1958 268 170 254 94 174 28 170 0 236 180 
1771 1685 1997 1819 1572 1903 1769 1792 1841 1725 1828 1945 1828 1676 1897 1551 1561 1618 1846 1822 1537 1684 1562 1639 1672 1888 1968 1631 1608 170 170 264 352 236 40 170 236 0 366 
1721 1794 1784 1928 1763 2003 1655 1843 2017 1948 1919 1843 1632 1765 1979 1733 1822 1760 1573 2014 2031 1545 1906 1884 1892 1713 1782 1605 1920 56 180 84 264 20 84 240 180 366 0 
