0 107 241 190 124 80 316 76 152 157 283 133 113 297 228 129 348 276 188 150 65 341 184 67 221 169 108 45 167 1712 1615 1759 1537 1882 1877 1735 1992 1894 1829 
107 0 148 137 88 127 336 183 134 95 254 180 101 234 175 176 265 199 182 67 42 278 271 146 251 105 191 139 79 1925 2017 1821 1859 1710 2030 1887 1569 2034 1860 
241 148 0 374 171 259 509 317 217 232 491 312 280 391 412 349 422 356 355 204 182 435 417 292 424 116 337 273 77 1776 1703 1647 1714 2012 1609 2014 1941 1891 1864 
190 137 374 0 202 234 222 192 248 42 117 287 79 107 38 121 152 86 68 70 137 151 239 135 137 242 165 228 205 1767 1625 1666 2031 1581 1914 1736 1967 1897 1668 
124 88 171 202 0 61 392 202 46 160 319 112 163 322 240 232 314 287 238 155 65 366 300 175 307 57 220 121 97 1963 2031 1672 1566 1634 1964 1625 1738 1992 1784 
80 127 259 234 61 0 386 141 72 167 351 55 157 331 272 226 362 296 232 164 85 375 249 147 301 118 188 60 185 1718 1688 1563 2030 1852 1823 1673 1750 1901 1624 
316 336 509 222 392 386 0 233 438 254 202 439 235 254 210 187 313 266 154 282 321 298 168 249 95 437 190 314 435 1670 2018 1949 1822 1946 1825 1718 1623 1744 1862 
76 183 317 192 202 141 233 0 213 188 272 193 131 302 233 98 344 289 177 216 141 346 108 57 190 245 43 81 243 1734 1756 1817 1873 2017 1984 1746 1842 1710 1808 
152 134 217 248 46 72 438 213 0 206 365 89 209 368 286 278 360 333 284 201 111 412 321 221 353 72 266 132 111 1837 1584 1834 1531 1881 1664 1950 1560 2005 1554 
157 95 232 42 160 167 254 188 206 0 159 220 57 149 80 132 193 127 100 28 95 193 241 131 169 200 161 189 163 1737 1616 2013 1781 2026 1975 1770 1989 1977 1650 
283 254 491 117 319 351 202 272 365 159 0 404 176 106 79 161 165 141 95 187 254 103 279 215 117 359 216 308 322 1663 1715 1691 1555 1649 1899 1869 1828 1854 1915 
133 180 312 287 112 55 439 193 89 220 404 0 210 384 325 279 415 349 285 217 138 428 310 200 354 169 241 112 238 1726 1697 1621 1591 1833 1561 1808 1773 1867 2027 
113 101 280 79 163 157 235 131 209 57 176 210 0 186 117 75 231 165 81 85 92 230 184 74 150 208 104 158 206 1840 1671 114 1909 1548 1620 1714 1950 1555 1901 
297 234 391 107 322 331 254 302 368 149 106 384 186 0 69 191 59 35 125 167 255 44 309 245 169 327 246 335 288 1548 1720 1641 1639 1867 2034 2002 1880 1616 1926 
228 175 412 38 240 272 210 233 286 80 79 325 117 69 0 122 122 56 56 108 175 113 240 176 125 280 177 266 243 1921 1664 1723 1661 1547 1886 1941 1853 1788 1851 
129 176 349 121 232 226 187 98 278 132 161 279 75 191 122 0 244 178 66 160 161 235 118 62 92 277 55 155 275 2025 1738 1717 1802 1915 1722 1570 1617 71 1814 
348 265 422 152 314 362 313 344 360 193 165 415 231 59 122 244 0 66 178 198 286 77 362 287 228 358 299 380 319 1647 1535 1867 1736 1985 1857 1576 1887 1837 1801 
276 199 356 86 287 296 266 289 333 127 141 349 165 35 56 178 66 0 112 132 220 79 296 232 181 292 233 314 253 1688 1551 1536 1883 1660 1783 1617 1767 1820 2004 
188 182 355 68 238 232 154 177 284 100 95 285 81 125 56 66 178 112 0 128 167 169 179 120 69 283 121 213 281 1937 1782 1909 1889 1627 1586 1663 1771 1745 1979 
150 67 204 70 155 164 282 216 201 28 187 217 85 167 108 160 198 132 128 0 88 211 269 159 197 172 189 182 135 1896 1570 1587 1595 1623 1765 1693 1803 2002 1804 
65 42 182 137 65 85 321 141 111 95 254 138 92 255 175 161 286 220 167 88 0 299 229 104 236 110 149 97 108 1575 2033 1925 1781 1951 1999 1834 1662 1793 1837 
341 278 435 151 366 375 298 346 412 193 103 428 230 44 113 235 77 79 169 211 299 0 353 289 213 371 290 379 332 1786 1991 1989 2025 1793 1925 1591 1640 1535 1631 
184 271 417 239 300 249 168 108 321 241 279 310 184 309 240 118 362 296 179 269 229 353 0 121 162 345 80 189 342 1856 1636 1835 1688 1934 1781 1802 1791 1731 1674 
67 146 292 135 175 147 249 57 221 131 215 200 74 245 176 62 287 232 120 159 104 289 121 0 154 220 41 93 218 2017 1976 1747 1736 1620 1741 1606 1991 1561 1849 
221 251 424 137 307 301 95 190 353 169 117 354 150 169 125 92 228 181 69 197 236 213 162 154 0 352 147 247 350 2008 1894 1580 1640 1551 1997 1842 2012 1703 1564 
169 105 116 242 57 118 437 245 72 200 359 169 208 327 280 277 358 292 283 172 110 371 345 220 352 0 265 178 39 1753 1884 1945 1815 1681 1815 1756 1685 1618 1539 
108 191 337 165 220 188 190 43 266 161 216 241 104 246 177 55 299 233 121 189 149 290 80 41 147 265 0 124 263 1717 1614 1928 1876 1858 1776 1615 1750 2014 1908 
45 139 273 228 121 60 314 81 132 189 308 112 158 335 266 155 380 314 213 182 97 379 189 93 247 178 124 0 199 1533 1605 1541 1996 1773 1653 1922 1704 1614 1763 
167 79 77 205 97 185 435 243 111 163 322 238 206 288 243 275 319 253 281 135 108 332 342 218 350 39 263 199 0 2014 1682 1662 1556 1979 1899 1817 1750 1688 1645 
1712 1925 1776 1767 1963 1718 1670 1734 1837 1737 1663 1726 1840 1548 1921 2025 1647 1688 1937 1896 1575 1786 1856 2017 2008 1753 1717 1533 2014 0 358 198 230 332 38 364 276 332 332 
1615 2017 1703 1625 2031 1688 2018 1756 1584 1616 1715 1697 1671 1720 1664 1738 1535 1551 1782 1570 2033 1991 1636 1976 1894 1884 1614 1605 1682 358 0 332 266 200 328 332 120 82 364 
1759 1821 1647 1666 1672 1563 1949 1817 1834 2013 1691 1621 114 1641 1723 1717 1867 1536 1909 1587 1925 1989 1835 1747 1580 1945 1928 1541 1662 198 332 0 174 198 222 276 264 198 264 
1537 1859 1714 2031 1566 2030 1822 1873 1531 1781 1555 1591 1909 1639 1661 1802 1736 1883 1889 1595 1781 2025 1688 1736 1640 1815 1876 1996 1556 230 266 174 0 230 214 38 352 288 198 
1882 1710 2012 1581 1634 1852 1946 2017 1881 2026 1649 1833 1548 1867 1547 1915 1985 1660 1627 1623 1951 1793 1934 1620 1551 1681 1858 1773 1979 332 200 198 230 0 80 198 276 332 330 
1877 2030 1609 1914 1964 1823 1825 1984 1664 1975 1899 1561 1620 2034 1886 1722 1857 1783 1586 1765 1999 1925 1781 1741 1997 1815 1776 1653 1899 38 328 222 214 80 0 256 286 304 42 
1735 1887 2014 1736 1625 1673 1718 1746 1950 1770 1869 1808 1714 2002 1941 1570 1576 1617 1663 1693 1834 1591 1802 1606 1842 1756 1615 1922 1817 364 332 276 38 198 256 0 238 364 276 
1992 1569 1941 1967 1738 1750 1623 1842 1560 1989 1828 1773 1950 1880 1853 1617 1887 1767 1771 1803 1662 1640 1791 1991 2012 1685 1750 1704 1750 276 120 264 352 276 286 238 0 52 264 
1894 2034 1891 1897 1992 1901 1744 1710 2005 1977 1854 1867 1555 1616 1788 71 1837 1820 1745 2002 1793 1535 1731 1561 1703 1618 2014 1614 1688 332 82 198 288 332 304 364 52 0 52 
1829 1860 1864 1668 1784 1624 1862 1808 1554 1650 1915 2027 1901 1926 1851 1814 1801 2004 1979 1804 1837 1631 1674 1849 1564 1539 1908 1763 1645 332 364 264 198 330 42 276 264 52 0 

0 107 241 190 124 80 316 76 152 157 283 133 113 297 228 129 348 276 188 150 65 341 184 67 221 169 108 45 167 1573 1922 1750 1730 1927 1983 1776 1819 1855 1906 
107 0 148 137 88 127 336 183 134 95 254 180 101 234 175 176 265 199 182 67 42 278 271 146 251 105 191 139 79 1639 1643 1809 1902 1766 1745 1645 1539 1760 1926 
241 148 0 374 171 259 509 317 217 232 491 312 280 391 412 349 422 356 355 204 182 435 417 292 424 116 337 273 77 1953 1779 1697 1797 1620 1797 1644 1758 1785 1990 
190 137 374 0 202 234 222 192 248 42 117 287 79 107 38 121 152 86 68 70 137 151 239 135 137 242 165 228 205 1923 1681 1771 1559 1691 1860 1594 1575 1568 2021 
124 88 171 202 0 61 392 202 46 160 319 112 163 322 240 232 314 287 238 155 65 366 300 175 307 57 220 121 97 1994 1860 1758 1807 1797 1763 1574 1642 1557 1908 
80 127 259 234 61 0 386 141 72 167 351 55 157 331 272 226 362 296 232 164 85 375 249 147 301 118 188 60 185 1818 1677 1704 1598 1778 1837 1629 1745 1793 1756 
316 336 509 222 392 386 0 233 438 254 202 439 235 254 210 187 313 266 154 282 321 298 168 249 95 437 190 314 435 1996 1935 1648 1793 1885 1772 1974 1750 1950 1711 
76 183 317 192 202 141 233 0 213 188 272 193 131 302 233 98 344 289 177 216 141 346 108 57 190 245 43 81 243 1698 1814 1993 1652 1826 1645 2000 1965 1809 1909 
152 134 217 248 46 72 438 213 0 206 365 89 209 368 286 278 360 333 284 201 111 412 321 221 353 72 266 132 111 1785 1784 1961 1929 1924 1762 1752 1917 1535 1570 
157 95 232 42 160 167 254 188 206 0 159 220 57 149 80 132 193 127 100 28 95 193 241 131 169 200 161 189 163 1749 1816 1709 2019 1640 1643 1969 1862 1893 2025 
283 254 491 117 319 351 202 272 365 159 0 404 176 106 79 161 165 141 95 187 254 103 279 215 117 359 216 308 322 1562 1694 1657 1543 1899 1944 2004 1945 1982 1929 
133 180 312 287 112 55 439 193 89 220 404 0 210 384 325 279 415 349 285 217 138 428 310 200 354 169 241 112 238 1896 1906 1659 1736 1966 1906 1768 1635 1839 1569 
113 101 280 79 163 157 235 131 209 57 176 210 0 186 117 75 231 165 81 85 92 230 184 74 150 208 104 158 206 1921 1534 55 2003 1598 1967 1811 1831 1913 1841 
297 234 391 107 322 331 254 302 368 149 106 384 186 0 69 191 59 35 125 167 255 44 309 245 169 327 246 335 288 1719 1827 1850 1564 1986 1869 1809 1774 1719 1649 
228 175 412 38 240 272 210 233 286 80 79 325 117 69 0 122 122 56 56 108 175 113 240 176 125 280 177 266 243 1567 1592 1946 1573 1724 1960 1543 2004 1615 1880 
129 176 349 121 232 226 187 98 278 132 161 279 75 191 122 0 244 178 66 160 161 235 118 62 92 277 55 155 275 1933 1918 2018 1708 2027 2026 1732 1774 25 1741 
348 265 422 152 314 362 313 344 360 193 165 415 231 59 122 244 0 66 178 198 286 77 362 287 228 358 299 380 319 1561 1925 1670 1694 1736 1886 1706 1762 1635 1733 
276 199 356 86 287 296 266 289 333 127 141 349 165 35 56 178 66 0 112 132 220 79 296 232 181 292 233 314 253 1718 1588 1712 1897 1952 1767 1606 1681 2017 1901 
188 182 355 68 238 232 154 177 284 100 95 285 81 125 56 66 178 112 0 128 167 169 179 120 69 283 121 213 281 1628 1924 1557 1551 1783 1796 1838 1881 1630 1899 
150 67 204 70 155 164 282 216 201 28 187 217 85 167 108 160 198 132 128 0 88 211 269 159 197 172 189 182 135 1846 1739 1602 1979 1675 1942 1926 1963 1705 1966 
65 42 182 137 65 85 321 141 111 95 254 138 92 255 175 161 286 220 167 88 0 299 229 104 236 110 149 97 108 1564 1853 1703 1730 1725 1727 1686 1979 1835 1964 
341 278 435 151 366 375 298 346 412 193 103 428 230 44 113 235 77 79 169 211 299 0 353 289 213 371 290 379 332 1898 1985 1888 1875 1920 1702 1815 1703 1547 1927 
184 271 417 239 300 249 168 108 321 241 279 310 184 309 240 118 362 296 179 269 229 353 0 121 162 345 80 189 342 1576 1797 1536 1671 1839 1737 1587 1601 1689 1699 
67 146 292 135 175 147 249 57 221 131 215 200 74 245 176 62 287 232 120 159 104 289 121 0 154 220 41 93 218 1808 1712 1911 1801 1700 1820 1677 1919 2034 2030 
221 251 424 137 307 301 95 190 353 169 117 354 150 169 125 92 228 181 69 197 236 213 162 154 0 352 147 247 350 1599 2024 1735 1839 1566 1861 1866 1661 1862 1698 
169 105 116 242 57 118 437 245 72 200 359 169 208 327 280 277 358 292 283 172 110 371 345 220 352 0 265 178 39 1756 1630 1832 1743 1593 1909 1984 1834 1553 1669 
108 191 337 165 220 188 190 43 266 161 216 241 104 246 177 55 299 233 121 189 149 290 80 41 147 265 0 124 263 1982 1872 1609 1704 1889 1821 1707 1831 1896 1866 
45 139 273 228 121 60 314 81 132 189 308 112 158 335 266 155 380 314 213 182 97 379 189 93 247 178 124 0 199 1805 1779 1605 1760 1591 2005 1781 1946 1630 2018 
167 79 77 205 97 185 435 243 111 163 322 238 206 288 243 275 319 253 281 135 108 332 342 218 350 39 263 199 0 1970 1951 1779 1726 1840 1875 1947 1984 1895 1613 
1573 1639 1953 1923 1994 1818 1996 1698 1785 1749 1562 1896 1921 1719 1567 1933 1561 1718 1628 1846 1564 1898 1576 1808 1599 1756 1982 1805 1970 0 42 68 170 202 362 36 124 202 68 
1922 1643 1779 1681 1860 1677 1935 1814 1784 1816 1694 1906 1534 1827 1592 1918 1925 1588 1924 1739 1853 1985 1797 1712 2024 1630 1872 1779 1951 42 0 68 134 200 72 68 280 318 36 
1750 1809 1697 1771 1758 1704 1648 1993 1961 1709 1657 1659 55 1850 1946 2018 1670 1712 1557 1602 1703 1888 1536 1911 1735 1832 1609 1605 1779 68 68 0 226 68 178 124 136 68 136 
1730 1902 1797 1559 1807 1598 1793 1652 1929 2019 1543 1736 2003 1564 1573 1708 1694 1897 1551 1979 1730 1875 1671 1801 1839 1743 1704 1760 1726 170 134 226 0 170 186 362 48 112 202 
1927 1766 1620 1691 1797 1778 1885 1826 1924 1640 1899 1966 1598 1986 1724 2027 1736 1952 1783 1675 1725 1920 1839 1700 1566 1593 1889 1591 1840 202 200 68 170 0 320 136 124 202 162 
1983 1745 1797 1860 1763 1837 1772 1645 1762 1643 1944 1906 1967 1869 1960 2026 1886 1767 1796 1942 1727 1702 1737 1820 1861 1909 1821 2005 1875 362 72 178 186 320 0 144 114 96 358 
1776 1645 1644 1594 1574 1629 1974 2000 1752 1969 2004 1768 1811 1809 1543 1732 1706 1606 1838 1926 1686 1815 1587 1677 1866 1984 1707 1781 1947 36 68 124 362 136 144 0 162 36 124 
1819 1539 1758 1575 1642 1745 1750 1965 1917 1862 1945 1635 1831 1774 2004 1774 1762 1681 1881 1963 1979 1703 1601 1919 1661 1834 1831 1946 1984 124 280 136 48 124 114 162 0 348 136 
1855 1760 1785 1568 1557 1793 1950 1809 1535 1893 1982 1839 1913 1719 1615 25 1635 2017 1630 1705 1835 1547 1689 2034 1862 1553 1896 1630 1895 202 318 68 112 202 96 36 348 0 348 
1906 1926 1990 2021 1908 1756 1711 1909 1570 2025 1929 1569 1841 1649 1880 1741 1733 1901 1899 1966 1964 1927 1699 2030 1698 1669 1866 2018 1613 68 36 136 202 162 358 124 136 348 0 
