0 107 241 190 124 80 316 76 152 157 283 133 113 297 228 129 348 276 188 150 65 341 184 67 221 169 108 45 167 2135 1757 1945 2031 2014 1851 1819 2119 1955 2080 
107 0 148 137 88 127 336 183 134 95 254 180 101 234 175 176 265 199 182 67 42 278 271 146 251 105 191 139 79 2160 2045 2134 2146 1730 2058 1780 2080 1842 1869 
241 148 0 374 171 259 509 317 217 232 491 312 280 391 412 349 422 356 355 204 182 435 417 292 424 116 337 273 77 2082 1902 1703 1651 2193 1697 2083 1766 2034 2010 
190 137 374 0 202 234 222 192 248 42 117 287 79 107 38 121 152 86 68 70 137 151 239 135 137 242 165 228 205 2067 2055 1805 1911 1773 1792 1802 1849 1921 1834 
124 88 171 202 0 61 392 202 46 160 319 112 163 322 240 232 314 287 238 155 65 366 300 175 307 57 220 121 97 2133 2170 1902 2132 1831 1774 1906 2161 1767 1898 
80 127 259 234 61 0 386 141 72 167 351 55 157 331 272 226 362 296 232 164 85 375 249 147 301 118 188 60 185 1794 1955 1827 2047 1971 2164 1729 1872 2141 1740 
316 336 509 222 392 386 0 233 438 254 202 439 235 254 210 187 313 266 154 282 321 298 168 249 95 437 190 314 435 1676 1738 2056 1934 1977 2078 1882 2104 2080 1747 
76 183 317 192 202 141 233 0 213 188 272 193 131 302 233 98 344 289 177 216 141 346 108 57 190 245 43 81 243 1876 1707 1900 2080 2157 2153 2075 2012 1744 2188 
152 134 217 248 46 72 438 213 0 206 365 89 209 368 286 278 360 333 284 201 111 412 321 221 353 72 266 132 111 1814 1939 1798 1933 1796 2172 2127 1910 1864 1860 
157 95 232 42 160 167 254 188 206 0 159 220 57 149 80 132 193 127 100 28 95 193 241 131 169 200 161 189 163 2093 1956 2090 1660 1719 1880 1746 1722 1936 1958 
283 254 491 117 319 351 202 272 365 159 0 404 176 106 79 161 165 141 95 187 254 103 279 215 117 359 216 308 322 1878 1861 1843 1866 1736 1904 1948 2093 1973 1866 
133 180 312 287 112 55 439 193 89 220 404 0 210 384 325 279 415 349 285 217 138 428 310 200 354 169 241 112 238 1992 1961 2045 1948 1658 1870 1712 1783 2157 2088 
113 101 280 79 163 157 235 131 209 57 176 210 0 186 117 75 231 165 81 85 92 230 184 74 150 208 104 158 206 1707 2122 2159 2001 1832 69 1822 1939 1849 2131 
297 234 391 107 322 331 254 302 368 149 106 384 186 0 69 191 59 35 125 167 255 44 309 245 169 327 246 335 288 1717 1891 1728 1856 2028 2039 1985 1835 2015 2047 
228 175 412 38 240 272 210 233 286 80 79 325 117 69 0 122 122 56 56 108 175 113 240 176 125 280 177 266 243 1793 1797 1739 1772 1758 1813 2187 1960 1852 1898 
129 176 349 121 232 226 187 98 278 132 161 279 75 191 122 0 244 178 66 160 161 235 118 62 92 277 55 155 275 2040 1739 1835 1947 75 1711 1984 1748 1746 1929 
348 265 422 152 314 362 313 344 360 193 165 415 231 59 122 244 0 66 178 198 286 77 362 287 228 358 299 380 319 1774 2095 2084 1925 2016 1725 1958 2060 1921 2154 
276 199 356 86 287 296 266 289 333 127 141 349 165 35 56 178 66 0 112 132 220 79 296 232 181 292 233 314 253 1944 1839 1921 1918 1856 2056 1785 1662 1733 2117 
188 182 355 68 238 232 154 177 284 100 95 285 81 125 56 66 178 112 0 128 167 169 179 120 69 283 121 213 281 1933 1685 1837 2105 1948 2088 1873 1932 2077 1939 
150 67 204 70 155 164 282 216 201 28 187 217 85 167 108 160 198 132 128 0 88 211 269 159 197 172 189 182 135 1798 1932 1805 2156 2104 2067 1655 2163 1855 1691 
65 42 182 137 65 85 321 141 111 95 254 138 92 255 175 161 286 220 167 88 0 299 229 104 236 110 149 97 108 2061 1729 2167 2075 2027 2037 1678 1808 2133 1991 
341 278 435 151 366 375 298 346 412 193 103 428 230 44 113 235 77 79 169 211 299 0 353 289 213 371 290 379 332 1778 2117 2015 2148 2041 2038 1892 2072 1884 1743 
184 271 417 239 300 249 168 108 321 241 279 310 184 309 240 118 362 296 179 269 229 353 0 121 162 345 80 189 342 1828 2055 2070 1969 1654 1895 1917 2048 1899 1910 
67 146 292 135 175 147 249 57 221 131 215 200 74 245 176 62 287 232 120 159 104 289 121 0 154 220 41 93 218 2196 1681 1858 2140 1966 2160 2050 2159 2052 2077 
221 251 424 137 307 301 95 190 353 169 117 354 150 169 125 92 228 181 69 197 236 213 162 154 0 352 147 247 350 1695 1802 1828 1821 1983 2168 1726 1842 2029 1810 
169 105 116 242 57 118 437 245 72 200 359 169 208 327 280 277 358 292 283 172 110 371 345 220 352 0 265 178 39 2188 1765 1737 1965 1667 2009 1905 1819 1955 1755 
108 191 337 165 220 188 190 43 266 161 216 241 104 246 177 55 299 233 121 189 149 290 80 41 147 265 0 124 263 2006 2101 2125 2112 1887 1814 1922 1752 2003 1971 
45 139 273 228 121 60 314 81 132 189 308 112 158 335 266 155 380 314 213 182 97 379 189 93 247 178 124 0 199 1687 2037 2097 1794 2082 2115 1956 2193 1895 1784 
167 79 77 205 97 185 435 243 111 163 322 238 206 288 243 275 319 253 281 135 108 332 342 218 350 39 263 199 0 1901 1949 2135 1984 2068 2019 1788 1955 1960 2161 
2135 2160 2082 2067 2133 1794 1676 1876 1814 2093 1878 1992 1707 1717 1793 2040 1774 1944 1933 1798 2061 1778 1828 2196 1695 2188 2006 1687 1901 0 172 258 258 370 172 110 68 96 332 
1757 2045 1902 2055 2170 1955 1738 1707 1939 1956 1861 1961 2122 1891 1797 1739 2095 1839 1685 1932 1729 2117 2055 1681 1802 1765 2101 2037 1949 172 0 268 338 400 268 110 268 332 110 
1945 2134 1703 1805 1902 1827 2056 1900 1798 2090 1843 2045 2159 1728 1739 1835 2084 1921 1837 1805 2167 2015 2070 1858 1828 1737 2125 2097 2135 258 268 0 258 42 348 242 348 96 370 
2031 2146 1651 1911 2132 2047 1934 2080 1933 1660 1866 1948 2001 1856 1772 1947 1925 1918 2105 2156 2075 2148 1969 2140 1821 1965 2112 1794 1984 258 338 258 0 370 166 56 96 96 96 
2014 1730 2193 1773 1831 1971 1977 2157 1796 1719 1736 1658 1832 2028 1758 75 2016 1856 1948 2104 2027 2041 1654 1966 1983 1667 1887 2082 2068 370 400 42 370 0 34 338 142 322 170 
1851 2058 1697 1792 1774 2164 2078 2153 2172 1880 1904 1870 69 2039 1813 1711 1725 2056 2088 2067 2037 2038 1895 2160 2168 2009 1814 2115 2019 172 268 348 166 34 0 110 348 350 378 
1819 1780 2083 1802 1906 1729 1882 2075 2127 1746 1948 1712 1822 1985 2187 1984 1958 1785 1873 1655 1678 1892 1917 2050 1726 1905 1922 1956 1788 110 110 242 56 338 110 0 56 348 56 
2119 2080 1766 1849 2161 1872 2104 2012 1910 1722 2093 1783 1939 1835 1960 1748 2060 1662 1932 2163 1808 2072 2048 2159 1842 1819 1752 2193 1955 68 268 348 96 142 348 56 0 350 96 
1955 1842 2034 1921 1767 2141 2080 1744 1864 1936 1973 2157 1849 2015 1852 1746 1921 1733 2077 1855 2133 1884 1899 2052 2029 1955 2003 1895 1960 96 332 96 96 322 350 348 350 0 332 
2080 1869 2010 1834 1898 1740 1747 2188 1860 1958 1866 2088 2131 2047 1898 1929 2154 2117 1939 1691 1991 1743 1910 2077 1810 1755 1971 1784 2161 332 110 370 96 170 378 56 96 332 0 

0 107 241 190 124 80 316 76 152 157 283 133 113 297 228 129 348 276 188 150 65 341 184 67 221 169 108 45 167 1828 1796 1689 1999 1979 1941 1752 1896 2026 2087 
107 0 148 137 88 127 336 183 134 95 254 180 101 234 175 176 265 199 182 67 42 278 271 146 251 105 191 139 79 2033 1755 1906 1945 2124 2071 1723 2135 1943 1702 
241 148 0 374 171 259 509 317 217 232 491 312 280 391 412 349 422 356 355 204 182 435 417 292 424 116 337 273 77 1785 1805 1970 1779 2058 1686 1651 1798 2090 1906 
190 137 374 0 202 234 222 192 248 42 117 287 79 107 38 121 152 86 68 70 137 151 239 135 137 242 165 228 205 1972 1986 1716 1924 1966 1677 2068 1743 1998 2195 
124 88 171 202 0 61 392 202 46 160 319 112 163 322 240 232 314 287 238 155 65 366 300 175 307 57 220 121 97 2167 1661 2037 1718 1805 1953 1793 2179 1737 1788 
80 127 259 234 61 0 386 141 72 167 351 55 157 331 272 226 362 296 232 164 85 375 249 147 301 118 188 60 185 2191 2113 1777 1724 2024 2082 2064 1847 1899 1837 
316 336 509 222 392 386 0 233 438 254 202 439 235 254 210 187 313 266 154 282 321 298 168 249 95 437 190 314 435 1700 1995 2076 1661 1834 2139 2195 1993 2187 1886 
76 183 317 192 202 141 233 0 213 188 272 193 131 302 233 98 344 289 177 216 141 346 108 57 190 245 43 81 243 2177 2093 1991 2155 2191 1885 1878 1756 2173 2164 
152 134 217 248 46 72 438 213 0 206 365 89 209 368 286 278 360 333 284 201 111 412 321 221 353 72 266 132 111 2156 2120 2165 1912 1990 1888 2033 1862 1740 1783 
157 95 232 42 160 167 254 188 206 0 159 220 57 149 80 132 193 127 100 28 95 193 241 131 169 200 161 189 163 1822 1809 1750 1857 1663 2116 1711 1732 1922 1891 
283 254 491 117 319 351 202 272 365 159 0 404 176 106 79 161 165 141 95 187 254 103 279 215 117 359 216 308 322 2086 1965 1898 1730 1660 1939 1672 2007 2043 1766 
133 180 312 287 112 55 439 193 89 220 404 0 210 384 325 279 415 349 285 217 138 428 310 200 354 169 241 112 238 2098 2035 1999 1718 1963 2152 1951 1745 1716 1835 
113 101 280 79 163 157 235 131 209 57 176 210 0 186 117 75 231 165 81 85 92 230 184 74 150 208 104 158 206 1844 1846 2061 2146 1867 33 2036 2186 1988 1941 
297 234 391 107 322 331 254 302 368 149 106 384 186 0 69 191 59 35 125 167 255 44 309 245 169 327 246 335 288 2093 1884 1770 1993 1839 1767 1909 2057 1954 2161 
228 175 412 38 240 272 210 233 286 80 79 325 117 69 0 122 122 56 56 108 175 113 240 176 125 280 177 266 243 1752 1730 2087 1685 2151 1933 1934 1771 1926 2157 
129 176 349 121 232 226 187 98 278 132 161 279 75 191 122 0 244 178 66 160 161 235 118 62 92 277 55 155 275 2016 1726 1656 1852 36 1826 1912 1764 2190 2196 
348 265 422 152 314 362 313 344 360 193 165 415 231 59 122 244 0 66 178 198 286 77 362 287 228 358 299 380 319 2194 1741 1855 1752 2074 1666 2029 2025 1890 1829 
276 199 356 86 287 296 266 289 333 127 141 349 165 35 56 178 66 0 112 132 220 79 296 232 181 292 233 314 253 1958 2178 2132 2040 2134 2124 2160 2078 1689 1946 
188 182 355 68 238 232 154 177 284 100 95 285 81 125 56 66 178 112 0 128 167 169 179 120 69 283 121 213 281 1726 1763 1961 2168 2138 1727 1745 1663 1998 1721 
150 67 204 70 155 164 282 216 201 28 187 217 85 167 108 160 198 132 128 0 88 211 269 159 197 172 189 182 135 2178 1921 1824 2096 2157 2039 1854 1929 1967 1881 
65 42 182 137 65 85 321 141 111 95 254 138 92 255 175 161 286 220 167 88 0 299 229 104 236 110 149 97 108 1953 1755 2072 1949 1877 2012 2081 1709 1967 1712 
341 278 435 151 366 375 298 346 412 193 103 428 230 44 113 235 77 79 169 211 299 0 353 289 213 371 290 379 332 2193 2147 2077 1757 1765 2049 2123 1755 1690 1969 
184 271 417 239 300 249 168 108 321 241 279 310 184 309 240 118 362 296 179 269 229 353 0 121 162 345 80 189 342 2101 1653 1736 2189 1884 1688 1696 1831 1909 1855 
67 146 292 135 175 147 249 57 221 131 215 200 74 245 176 62 287 232 120 159 104 289 121 0 154 220 41 93 218 2004 1748 1926 1804 2193 1945 2146 1802 1863 1660 
221 251 424 137 307 301 95 190 353 169 117 354 150 169 125 92 228 181 69 197 236 213 162 154 0 352 147 247 350 1782 1802 2031 2140 1761 1964 1828 1962 1900 2063 
169 105 116 242 57 118 437 245 72 200 359 169 208 327 280 277 358 292 283 172 110 371 345 220 352 0 265 178 39 1896 2009 2034 1804 1783 1787 2094 1749 1769 1819 
108 191 337 165 220 188 190 43 266 161 216 241 104 246 177 55 299 233 121 189 149 290 80 41 147 265 0 124 263 1853 1914 1982 1668 2138 1833 1815 1999 1665 2010 
45 139 273 228 121 60 314 81 132 189 308 112 158 335 266 155 380 314 213 182 97 379 189 93 247 178 124 0 199 2132 1928 1680 1780 1755 2196 1853 1999 2056 2094 
167 79 77 205 97 185 435 243 111 163 322 238 206 288 243 275 319 253 281 135 108 332 342 218 350 39 263 199 0 2053 1959 1767 1768 2049 1904 1762 2072 1926 1887 
1828 2033 1785 1972 2167 2191 1700 2177 2156 1822 2086 2098 1844 2093 1752 2016 2194 1958 1726 2178 1953 2193 2101 2004 1782 1896 1853 2132 2053 0 387 45 45 213 387 342 498 288 132 
1796 1755 1805 1986 1661 2113 1995 2093 2120 1809 1965 2035 1846 1884 1730 1726 1741 2178 1763 1921 1755 2147 1653 1748 1802 2009 1914 1928 1959 387 0 156 93 0 156 342 156 102 435 
1689 1906 1970 1716 2037 1777 2076 1991 2165 1750 1898 1999 2061 1770 2087 1656 1855 2132 1961 1824 2072 2077 1736 1926 2031 2034 1982 1680 1767 45 156 0 45 537 75 237 75 288 45 
1999 1945 1779 1924 1718 1724 1661 2155 1912 1857 1730 1718 2146 1993 1685 1852 1752 2040 2168 2096 1949 1757 2189 1804 2140 1804 1668 1780 1768 45 93 45 0 213 351 396 486 288 486 
1979 2124 2058 1966 1805 2024 1834 2191 1990 1663 1660 1963 1867 1839 2151 36 2074 2134 2138 2157 1877 1765 1884 2193 1761 1783 2138 1755 2049 213 0 537 213 0 549 93 387 117 345 
1941 2071 1686 1677 1953 2082 2139 1885 1888 2116 1939 2152 33 1767 1933 1826 1666 2124 1727 2039 2012 2049 1688 1945 1964 1787 1833 2196 1904 387 156 75 351 549 0 342 75 198 33 
1752 1723 1651 2068 1793 2064 2195 1878 2033 1711 1672 1951 2036 1909 1934 1912 2029 2160 1745 1854 2081 2123 1696 2146 1828 2094 1815 1853 1762 342 342 237 396 93 342 0 396 78 396 
1896 2135 1798 1743 2179 1847 1993 1756 1862 1732 2007 1745 2186 2057 1771 1764 2025 2078 1663 1929 1709 1755 1831 1802 1962 1749 1999 1999 2072 498 156 75 486 387 75 396 0 198 486 
2026 1943 2090 1998 1737 1899 2187 2173 1740 1922 2043 1716 1988 1954 1926 2190 1890 1689 1998 1967 1967 1690 1909 1863 1900 1769 1665 2056 1926 288 102 288 288 117 198 78 198 0 132 
2087 1702 1906 2195 1788 1837 1886 2164 1783 1891 1766 1835 1941 2161 2157 2196 1829 1946 1721 1881 1712 1969 1855 1660 2063 1819 2010 2094 1887 132 435 45 486 345 33 396 486 132 0 
